# OTU table (subset) for 34 samples and 186 OTUs
OTU	N14	N8	N9	S1	S10	S11	S12	S13	S14	S15	S2	S3	S4	S5	S6	S7	S8	S9	T1	T10	T11	T12	T13	T14	T15	T16	T2	T3	T4	T5	T6	T7	T8	T9
0	78.0	0.0	0.0	0.0	46045.0	77675.0	8698.0	26273.0	42639.0	12937.0	11.0	16.0	22418.0	52280.0	62699.0	71000.0	31.0	65813.0	21476.0	1312.0	1045.0	62705.0	72663.0	42910.0	38334.0	1.0	47427.0	24622.0	23233.0	18370.0	469.0	809.0	65540.0	30583.0
1	12.0	59.0	0.0	0.0	38893.0	18249.0	2355.0	4274.0	21991.0	17036.0	233.0	121.0	38684.0	4110.0	73046.0	7318.0	113674.0	26078.0	1925.0	36.0	23.0	8413.0	16725.0	90627.0	29968.0	3.0	11956.0	11183.0	31675.0	7844.0	87.0	105.0	19368.0	82180.0
2	5.0	0.0	2.0	0.0	8163.0	16463.0	28602.0	114745.0	28519.0	39675.0	73.0	56.0	152.0	8172.0	440.0	1008.0	4.0	73.0	105172.0	815.0	445.0	34334.0	20710.0	1834.0	25502.0	7.0	33589.0	58849.0	65298.0	57371.0	300.0	688.0	3351.0	9263.0
3	15.0	0.0	0.0	0.0	3.0	61.0	1146.0	10439.0	1211.0	824.0	54.0	35.0	1.0	0.0	28.0	29629.0	16.0	4.0	5982.0	0.0	1.0	3380.0	1788.0	974.0	0.0	1.0	4649.0	4.0	1571.0	1394.0	258.0	50.0	1863.0	4.0
4	0.0	0.0	0.0	1.0	29841.0	4371.0	358.0	640.0	638.0	232.0	342.0	88.0	77.0	2014.0	636.0	864.0	17059.0	1162.0	105.0	28.0	1.0	10418.0	1112.0	688.0	855.0	1.0	56.0	2895.0	7221.0	2056.0	15.0	94.0	8105.0	19646.0
5	32.0	0.0	0.0	0.0	1456.0	6368.0	750.0	7096.0	714.0	149.0	52.0	46.0	9.0	999.0	29.0	22.0	9.0	9.0	23898.0	286.0	305.0	396.0	210.0	47.0	44.0	0.0	1416.0	7041.0	299.0	377.0	21.0	44.0	22.0	55.0
6	0.0	0.0	0.0	0.0	377.0	388.0	1808.0	1633.0	2211.0	347.0	945.0	1159.0	19.0	479.0	377.0	562.0	2.0	948.0	5074.0	552.0	89.0	1625.0	174.0	36.0	453.0	0.0	8455.0	1531.0	2365.0	33354.0	224.0	768.0	583.0	325.0
7	0.0	0.0	0.0	0.0	25.0	9.0	451.0	1537.0	531.0	678.0	1.0	1.0	0.0	0.0	48.0	8.0	4.0	45.0	102.0	0.0	2.0	377.0	166.0	32.0	19.0	0.0	22.0	891.0	17310.0	9890.0	2.0	5.0	312.0	23.0
8	0.0	0.0	0.0	4.0	1.0	0.0	319.0	6.0	14.0	1.0	8490.0	9336.0	158.0	46.0	28.0	3.0	0.0	26.0	25.0	1716.0	871.0	0.0	2.0	5.0	13.0	0.0	4229.0	242.0	3.0	14.0	62.0	227.0	38.0	257.0
9	0.0	0.0	0.0	0.0	9.0	51.0	2.0	1.0	564.0	56.0	1.0	2.0	0.0	0.0	13.0	0.0	352.0	0.0	0.0	0.0	0.0	165.0	27.0	1.0	0.0	0.0	0.0	145.0	22269.0	2581.0	4.0	0.0	0.0	0.0
10	0.0	0.0	0.0	3.0	11.0	29.0	151.0	23.0	39.0	2.0	10439.0	9273.0	733.0	16.0	18.0	5.0	11.0	1690.0	30.0	1703.0	1008.0	18.0	10.0	14.0	7.0	0.0	2510.0	441.0	4.0	3.0	1857.0	5838.0	351.0	401.0
11	0.0	26.0	0.0	1.0	4.0	2.0	711.0	2971.0	118.0	23.0	995.0	1042.0	149.0	15393.0	104.0	15.0	0.0	2.0	9.0	994.0	744.0	3.0	29.0	5.0	0.0	0.0	477.0	3.0	0.0	1.0	3.0	74.0	169.0	15.0
12	0.0	1.0	0.0	0.0	0.0	66.0	779.0	852.0	58.0	84.0	37.0	32.0	0.0	31.0	1.0	41.0	0.0	128.0	172.0	553.0	700.0	101.0	88.0	24.0	3.0	0.0	1086.0	5854.0	789.0	12055.0	6.0	5.0	74.0	78.0
13	0.0	23.0	0.0	3.0	365.0	131.0	31.0	511.0	70.0	58.0	4496.0	4229.0	2560.0	367.0	1826.0	140.0	3246.0	195.0	49.0	1945.0	815.0	407.0	67.0	527.0	30.0	0.0	281.0	289.0	448.0	401.0	2238.0	4881.0	4.0	505.0
14	0.0	0.0	0.0	0.0	33.0	1031.0	487.0	561.0	1769.0	3031.0	33.0	14.0	7.0	226.0	35.0	3.0	1.0	5.0	439.0	93.0	88.0	960.0	2904.0	105.0	2.0	0.0	1508.0	1856.0	22.0	255.0	21.0	88.0	4916.0	2127.0
15	0.0	0.0	0.0	2.0	0.0	0.0	0.0	1.0	0.0	0.0	6138.0	6057.0	0.0	0.0	0.0	0.0	0.0	1.0	0.0	0.0	0.0	0.0	0.0	0.0	0.0	0.0	0.0	0.0	1.0	0.0	0.0	1.0	0.0	0.0
16	0.0	0.0	0.0	0.0	0.0	0.0	0.0	0.0	0.0	0.0	28.0	34.0	3.0	0.0	0.0	0.0	0.0	0.0	0.0	62.0	45.0	1.0	0.0	3.0	0.0	0.0	5.0	0.0	0.0	0.0	3999.0	8500.0	0.0	10.0
17	0.0	0.0	0.0	1.0	51.0	31.0	140.0	207.0	402.0	45.0	1068.0	927.0	612.0	1316.0	11.0	306.0	1.0	50.0	1375.0	25.0	1.0	46.0	417.0	101.0	43.0	0.0	3103.0	999.0	169.0	105.0	151.0	973.0	532.0	1991.0
18	0.0	0.0	0.0	0.0	0.0	7.0	0.0	8.0	3.0	2.0	5370.0	4067.0	124.0	1.0	0.0	55.0	12.0	6.0	122.0	75.0	39.0	65.0	119.0	21.0	110.0	0.0	72.0	13.0	6.0	3.0	15.0	46.0	3.0	102.0
19	0.0	0.0	0.0	0.0	53.0	3.0	40.0	8.0	5.0	0.0	62.0	69.0	1838.0	38.0	0.0	93.0	7.0	0.0	231.0	3382.0	1956.0	149.0	239.0	0.0	0.0	0.0	158.0	10.0	1.0	7.0	367.0	1194.0	0.0	443.0
20	0.0	0.0	0.0	0.0	3.0	37.0	2.0	17.0	138.0	104.0	1230.0	1076.0	88.0	1.0	3.0	6.0	10.0	135.0	119.0	2961.0	1814.0	89.0	32.0	19.0	9.0	1.0	347.0	112.0	9.0	28.0	937.0	2894.0	12.0	225.0
21	0.0	0.0	0.0	0.0	72.0	55.0	2.0	20.0	9.0	13.0	325.0	332.0	544.0	29.0	232.0	45.0	934.0	14.0	25.0	445.0	378.0	584.0	61.0	479.0	13.0	0.0	122.0	78.0	126.0	216.0	1173.0	2939.0	32.0	101.0
22	0.0	0.0	0.0	0.0	201.0	32.0	30.0	26.0	0.0	1.0	2.0	1.0	17.0	2994.0	0.0	15.0	0.0	0.0	2.0	0.0	1.0	272.0	0.0	0.0	6.0	0.0	5.0	79.0	729.0	5827.0	0.0	0.0	0.0	48.0
23	0.0	16.0	0.0	2.0	24.0	37.0	5.0	189.0	7.0	7.0	774.0	717.0	240.0	71.0	40.0	66.0	479.0	42.0	187.0	1308.0	1921.0	205.0	94.0	33.0	3.0	0.0	483.0	85.0	14.0	12.0	1407.0	2513.0	1.0	92.0
24	0.0	0.0	0.0	0.0	0.0	0.0	0.0	1.0	0.0	2.0	24.0	35.0	1.0	0.0	0.0	0.0	0.0	0.0	4.0	3346.0	2189.0	2.0	0.0	1.0	1.0	0.0	41.0	1.0	0.0	0.0	495.0	1268.0	0.0	0.0
25	0.0	0.0	0.0	0.0	10.0	0.0	0.0	7.0	0.0	6.0	0.0	2.0	1.0	37.0	52.0	0.0	0.0	54.0	332.0	1973.0	1319.0	1.0	0.0	61.0	0.0	0.0	3304.0	123.0	0.0	0.0	0.0	6.0	0.0	0.0
26	1.0	0.0	0.0	0.0	34.0	18.0	2.0	47.0	12.0	22.0	1123.0	1282.0	4232.0	123.0	565.0	361.0	156.0	101.0	47.0	1271.0	663.0	157.0	28.0	244.0	19.0	0.0	162.0	167.0	134.0	227.0	592.0	2284.0	3.0	64.0
27	0.0	0.0	0.0	0.0	5.0	0.0	0.0	97.0	3.0	0.0	372.0	395.0	31.0	90.0	24.0	10.0	41.0	14.0	25.0	924.0	1489.0	95.0	40.0	15.0	3.0	0.0	131.0	108.0	2.0	0.0	2410.0	3694.0	3.0	78.0
28	0.0	0.0	0.0	0.0	0.0	0.0	16.0	0.0	0.0	0.0	0.0	0.0	82.0	0.0	0.0	1.0	0.0	0.0	0.0	0.0	1.0	7.0	0.0	0.0	0.0	0.0	61.0	1.0	0.0	0.0	1150.0	5751.0	3.0	0.0
29	0.0	0.0	0.0	0.0	109.0	9.0	0.0	38.0	8.0	11.0	3.0	4.0	13.0	0.0	34.0	165.0	157.0	11.0	0.0	2100.0	2533.0	46.0	131.0	192.0	150.0	0.0	42.0	0.0	4.0	17.0	569.0	704.0	0.0	46.0
30	0.0	17.0	0.0	1.0	3.0	0.0	0.0	9.0	2.0	1.0	739.0	841.0	22.0	3.0	4.0	2.0	4.0	17.0	1.0	882.0	1100.0	19.0	0.0	14.0	1.0	0.0	41.0	0.0	0.0	2.0	1214.0	1765.0	0.0	4.0
31	0.0	0.0	0.0	1.0	8.0	11.0	45.0	15.0	26.0	0.0	3448.0	3646.0	280.0	9.0	2.0	24.0	11.0	29.0	24.0	724.0	34.0	5.0	55.0	28.0	1.0	0.0	1213.0	944.0	21.0	12.0	1655.0	4261.0	0.0	80.0
32	0.0	1.0	0.0	0.0	1.0	0.0	2.0	3.0	0.0	1.0	984.0	861.0	127.0	5.0	46.0	0.0	64.0	26.0	6.0	1915.0	1247.0	8.0	6.0	6.0	0.0	0.0	86.0	68.0	2.0	0.0	883.0	2332.0	8.0	20.0
33	0.0	0.0	0.0	0.0	3.0	1.0	0.0	3.0	0.0	1.0	345.0	263.0	5.0	3.0	4.0	1.0	0.0	11.0	0.0	3087.0	2091.0	0.0	0.0	1.0	0.0	0.0	74.0	32.0	0.0	0.0	422.0	2173.0	0.0	4.0
34	0.0	0.0	0.0	0.0	0.0	0.0	5.0	0.0	0.0	0.0	0.0	2.0	16.0	6.0	1.0	0.0	0.0	17.0	0.0	588.0	387.0	1.0	0.0	0.0	2.0	0.0	11.0	6.0	0.0	0.0	1433.0	3129.0	3.0	5.0
35	0.0	0.0	0.0	0.0	7.0	6.0	0.0	6.0	0.0	0.0	3.0	0.0	0.0	1.0	3.0	11.0	330.0	1.0	95.0	0.0	0.0	22.0	0.0	7.0	5.0	0.0	0.0	49.0	4436.0	564.0	0.0	0.0	0.0	2.0
36	0.0	0.0	0.0	1.0	0.0	0.0	0.0	0.0	2.0	0.0	2119.0	2029.0	0.0	0.0	0.0	0.0	0.0	4.0	2.0	1319.0	528.0	14.0	0.0	2.0	1.0	0.0	2.0	1.0	0.0	0.0	749.0	3470.0	0.0	6.0
37	0.0	0.0	0.0	0.0	3.0	1.0	0.0	0.0	0.0	0.0	282.0	280.0	3.0	1.0	2.0	1.0	4.0	4834.0	3.0	10.0	9.0	2.0	7.0	0.0	0.0	0.0	7.0	1.0	0.0	0.0	22.0	116.0	4.0	15.0
38	0.0	1.0	0.0	0.0	0.0	0.0	0.0	2.0	0.0	0.0	3398.0	3750.0	1.0	0.0	0.0	0.0	1.0	44.0	0.0	218.0	94.0	5.0	0.0	0.0	0.0	0.0	11.0	1.0	0.0	0.0	69.0	300.0	0.0	1.0
39	0.0	0.0	0.0	0.0	15.0	76.0	0.0	1027.0	83.0	29.0	1.0	2.0	0.0	3.0	1180.0	76.0	1519.0	0.0	1.0	0.0	0.0	1352.0	9.0	1.0	6.0	0.0	0.0	18.0	1570.0	261.0	5.0	1.0	228.0	19.0
40	0.0	4.0	0.0	0.0	41.0	64.0	2.0	47.0	18.0	20.0	19.0	33.0	180.0	4.0	11.0	45.0	2.0	15.0	55.0	45.0	27.0	170.0	173.0	24.0	40.0	0.0	90.0	481.0	991.0	119.0	52.0	40.0	174.0	1608.0
41	0.0	13.0	0.0	0.0	2.0	13.0	1.0	26.0	2.0	0.0	712.0	869.0	73.0	2.0	2.0	4.0	1.0	12.0	2.0	461.0	533.0	10.0	1.0	14.0	3.0	0.0	39.0	12.0	0.0	0.0	1853.0	3146.0	1.0	7.0
42	0.0	0.0	0.0	0.0	0.0	0.0	0.0	0.0	0.0	0.0	12.0	4.0	0.0	0.0	0.0	0.0	0.0	1.0	7.0	2100.0	1897.0	0.0	0.0	4.0	0.0	0.0	2.0	0.0	0.0	0.0	0.0	0.0	1.0	0.0
43	0.0	0.0	0.0	0.0	1.0	0.0	0.0	0.0	0.0	0.0	0.0	0.0	0.0	0.0	0.0	0.0	0.0	3914.0	0.0	0.0	0.0	0.0	0.0	0.0	0.0	0.0	0.0	0.0	0.0	0.0	0.0	0.0	0.0	1.0
44	0.0	5.0	0.0	5.0	5.0	8.0	35.0	147.0	57.0	33.0	4619.0	4587.0	260.0	18.0	43.0	66.0	48.0	93.0	19.0	4406.0	5000.0	54.0	98.0	121.0	13.0	0.0	323.0	77.0	18.0	12.0	2078.0	3023.0	2.0	101.0
45	0.0	0.0	1.0	0.0	5.0	7.0	69.0	64.0	2.0	0.0	25.0	8.0	45.0	127.0	31.0	2.0	12.0	64.0	23.0	1387.0	1229.0	2.0	3.0	0.0	0.0	0.0	1047.0	136.0	3.0	3.0	211.0	574.0	0.0	26.0
46	0.0	0.0	0.0	0.0	5.0	0.0	0.0	0.0	0.0	0.0	0.0	0.0	0.0	0.0	0.0	0.0	0.0	3491.0	0.0	0.0	0.0	0.0	0.0	0.0	0.0	0.0	0.0	0.0	0.0	0.0	0.0	0.0	0.0	0.0
47	0.0	0.0	0.0	1.0	20.0	17.0	0.0	7.0	0.0	0.0	2139.0	490.0	91.0	2.0	22.0	3.0	5.0	2.0	0.0	0.0	0.0	0.0	0.0	3.0	0.0	0.0	37.0	267.0	1.0	12.0	11.0	155.0	9.0	22.0
48	0.0	0.0	0.0	1.0	1.0	1.0	31.0	9.0	8.0	7.0	1540.0	1540.0	42.0	9.0	5.0	0.0	10.0	32.0	8.0	483.0	393.0	1.0	5.0	5.0	3.0	0.0	242.0	16.0	6.0	3.0	427.0	1724.0	1.0	30.0
49	0.0	0.0	0.0	0.0	79.0	81.0	50.0	311.0	211.0	56.0	86.0	100.0	293.0	30.0	13.0	16.0	39.0	94.0	61.0	355.0	276.0	12.0	17.0	4.0	28.0	0.0	94.0	62.0	63.0	59.0	91.0	131.0	34.0	97.0
50	0.0	0.0	0.0	0.0	8.0	91.0	5.0	1079.0	4.0	5.0	9.0	8.0	5.0	6.0	1.0	13.0	0.0	128.0	163.0	2.0	7.0	281.0	145.0	20.0	6.0	0.0	149.0	53.0	26.0	3.0	8.0	13.0	174.0	264.0
51	0.0	0.0	0.0	0.0	17.0	0.0	3.0	2.0	2.0	10.0	356.0	413.0	9.0	4.0	6.0	5.0	5.0	4.0	16.0	509.0	514.0	19.0	20.0	3.0	1.0	0.0	119.0	160.0	1.0	3.0	430.0	681.0	0.0	59.0
52	0.0	0.0	0.0	0.0	3.0	0.0	0.0	0.0	0.0	0.0	983.0	1432.0	1.0	1.0	0.0	0.0	0.0	2.0	0.0	84.0	28.0	3.0	0.0	1.0	0.0	0.0	15.0	0.0	9.0	1.0	239.0	688.0	0.0	2.0
53	0.0	0.0	0.0	0.0	7.0	2.0	5.0	24.0	0.0	4.0	634.0	584.0	140.0	9.0	17.0	4.0	51.0	6.0	11.0	449.0	357.0	102.0	28.0	11.0	5.0	0.0	135.0	5.0	3.0	12.0	188.0	383.0	0.0	25.0
54	0.0	0.0	0.0	0.0	1.0	2.0	6.0	15.0	1.0	7.0	616.0	612.0	141.0	2.0	41.0	3.0	7.0	72.0	0.0	323.0	52.0	9.0	3.0	12.0	0.0	0.0	1634.0	73.0	23.0	12.0	344.0	1285.0	0.0	141.0
55	0.0	0.0	0.0	0.0	0.0	0.0	52.0	10.0	0.0	0.0	107.0	99.0	192.0	0.0	1.0	0.0	0.0	28.0	0.0	345.0	166.0	0.0	0.0	22.0	0.0	0.0	88.0	128.0	0.0	0.0	26.0	158.0	1.0	1002.0
56	0.0	0.0	0.0	0.0	2.0	1.0	3.0	6.0	1.0	0.0	147.0	158.0	47.0	3.0	3.0	8.0	8.0	0.0	0.0	10.0	7.0	8.0	3.0	9.0	0.0	0.0	9.0	8.0	18.0	12.0	564.0	1328.0	0.0	5.0
57	0.0	9.0	0.0	1.0	131.0	35.0	0.0	86.0	47.0	44.0	1127.0	1043.0	319.0	30.0	9.0	20.0	459.0	33.0	3.0	36.0	29.0	963.0	19.0	51.0	8.0	0.0	10.0	28.0	60.0	100.0	52.0	147.0	1.0	142.0
58	0.0	0.0	0.0	0.0	0.0	0.0	4.0	0.0	0.0	0.0	3.0	2.0	0.0	0.0	0.0	18.0	0.0	3.0	0.0	1166.0	944.0	1.0	1.0	0.0	3.0	0.0	16.0	6.0	10.0	3.0	0.0	1.0	0.0	10.0
59	0.0	0.0	0.0	0.0	1.0	5.0	0.0	32.0	12.0	0.0	19.0	18.0	349.0	19.0	41.0	100.0	7.0	0.0	8.0	33.0	2.0	19.0	110.0	149.0	8.0	0.0	541.0	5.0	268.0	339.0	10.0	6.0	40.0	106.0
60	0.0	0.0	0.0	0.0	0.0	3.0	7.0	18.0	10.0	11.0	24.0	38.0	25.0	5.0	20.0	15.0	13.0	2.0	4.0	21.0	2.0	1.0	18.0	38.0	0.0	0.0	10.0	11.0	1.0	0.0	499.0	1594.0	144.0	85.0
61	0.0	0.0	0.0	0.0	0.0	0.0	0.0	0.0	0.0	0.0	887.0	879.0	37.0	0.0	0.0	0.0	3.0	2.0	0.0	102.0	17.0	0.0	0.0	5.0	0.0	0.0	8.0	3.0	0.0	0.0	0.0	0.0	0.0	0.0
62	0.0	0.0	0.0	0.0	31.0	136.0	52.0	368.0	132.0	60.0	3.0	3.0	0.0	8.0	46.0	130.0	30.0	0.0	42.0	0.0	1.0	516.0	141.0	25.0	8.0	0.0	57.0	56.0	88.0	205.0	0.0	0.0	99.0	29.0
63	0.0	0.0	0.0	0.0	8.0	15.0	1.0	7.0	26.0	1.0	123.0	118.0	5.0	18.0	4.0	2.0	5.0	14.0	11.0	616.0	839.0	54.0	49.0	8.0	1.0	0.0	43.0	620.0	7.0	5.0	78.0	6.0	3.0	215.0
64	0.0	0.0	0.0	0.0	0.0	0.0	1.0	1.0	3.0	0.0	44.0	43.0	53.0	0.0	0.0	0.0	1.0	165.0	0.0	337.0	164.0	0.0	1.0	0.0	1.0	0.0	103.0	22.0	0.0	0.0	525.0	1807.0	1.0	45.0
65	0.0	0.0	0.0	0.0	13.0	17.0	27.0	14.0	14.0	11.0	67.0	55.0	31.0	2.0	20.0	8.0	36.0	21.0	1.0	83.0	35.0	31.0	12.0	16.0	13.0	0.0	12.0	21.0	1.0	10.0	500.0	1353.0	11.0	110.0
66	0.0	0.0	0.0	0.0	3.0	0.0	0.0	0.0	0.0	3.0	641.0	651.0	0.0	0.0	2.0	6.0	0.0	2.0	2.0	295.0	231.0	1.0	3.0	8.0	0.0	0.0	17.0	17.0	0.0	0.0	14.0	18.0	0.0	21.0
67	0.0	0.0	0.0	0.0	0.0	0.0	12.0	2.0	0.0	0.0	256.0	274.0	8.0	0.0	2.0	0.0	0.0	2.0	1.0	281.0	472.0	1.0	2.0	0.0	0.0	0.0	9.0	0.0	0.0	0.0	232.0	285.0	0.0	7.0
68	0.0	0.0	0.0	0.0	0.0	0.0	1.0	6.0	0.0	0.0	0.0	0.0	0.0	0.0	0.0	0.0	18.0	0.0	0.0	0.0	0.0	0.0	0.0	0.0	0.0	0.0	0.0	0.0	0.0	0.0	406.0	1447.0	0.0	0.0
69	0.0	6.0	0.0	0.0	6.0	0.0	2.0	3.0	0.0	1.0	271.0	351.0	108.0	7.0	2.0	3.0	5.0	1.0	3.0	754.0	618.0	17.0	2.0	7.0	2.0	0.0	65.0	18.0	1.0	5.0	281.0	728.0	2.0	56.0
70	0.0	0.0	0.0	0.0	0.0	0.0	0.0	0.0	0.0	1.0	4.0	4.0	0.0	0.0	20.0	0.0	3.0	0.0	0.0	829.0	962.0	0.0	0.0	0.0	0.0	0.0	0.0	0.0	0.0	0.0	0.0	0.0	0.0	0.0
71	0.0	0.0	0.0	0.0	1.0	0.0	0.0	0.0	0.0	0.0	10.0	10.0	0.0	0.0	0.0	0.0	0.0	10.0	0.0	538.0	461.0	0.0	0.0	0.0	0.0	0.0	25.0	0.0	0.0	0.0	185.0	556.0	0.0	0.0
72	0.0	0.0	0.0	0.0	0.0	0.0	0.0	1.0	0.0	0.0	0.0	0.0	1.0	0.0	0.0	0.0	0.0	1.0	0.0	0.0	0.0	3.0	0.0	0.0	0.0	0.0	2.0	0.0	0.0	0.0	262.0	1487.0	0.0	3.0
73	0.0	0.0	0.0	1.0	0.0	0.0	10.0	0.0	0.0	0.0	54.0	64.0	7.0	0.0	0.0	1.0	4.0	41.0	1.0	372.0	203.0	0.0	1.0	3.0	11.0	0.0	11.0	5.0	0.0	0.0	503.0	1043.0	1.0	284.0
74	0.0	0.0	0.0	0.0	0.0	0.0	0.0	0.0	0.0	0.0	867.0	751.0	1.0	0.0	0.0	2.0	1.0	1.0	0.0	21.0	17.0	0.0	0.0	0.0	0.0	0.0	3.0	0.0	0.0	0.0	162.0	537.0	0.0	0.0
75	0.0	0.0	0.0	1.0	0.0	0.0	3.0	0.0	6.0	3.0	278.0	319.0	17.0	1.0	5.0	11.0	12.0	7.0	7.0	885.0	1245.0	7.0	4.0	3.0	0.0	0.0	12.0	18.0	8.0	2.0	263.0	389.0	0.0	21.0
76	0.0	0.0	0.0	1.0	2.0	4.0	0.0	0.0	0.0	0.0	183.0	137.0	57.0	17.0	6.0	1.0	18.0	2.0	0.0	678.0	343.0	0.0	0.0	46.0	0.0	0.0	94.0	14.0	1.0	0.0	1.0	18.0	0.0	6.0
77	0.0	0.0	0.0	0.0	0.0	0.0	1.0	2.0	1.0	0.0	3.0	0.0	25.0	0.0	6.0	0.0	0.0	0.0	0.0	191.0	148.0	0.0	0.0	0.0	0.0	0.0	1.0	0.0	0.0	0.0	251.0	1012.0	0.0	0.0
78	0.0	0.0	0.0	0.0	0.0	0.0	6.0	0.0	0.0	0.0	1.0	16.0	8.0	0.0	0.0	0.0	23.0	0.0	0.0	17.0	19.0	16.0	0.0	0.0	0.0	0.0	22.0	0.0	0.0	0.0	461.0	1028.0	0.0	0.0
79	0.0	0.0	0.0	0.0	46.0	3.0	0.0	0.0	0.0	1.0	12.0	6.0	3.0	0.0	1295.0	0.0	5.0	0.0	0.0	4.0	0.0	0.0	4.0	62.0	0.0	0.0	136.0	186.0	2.0	4.0	0.0	1.0	1.0	1.0
80	0.0	0.0	0.0	0.0	143.0	45.0	38.0	25.0	45.0	20.0	384.0	450.0	1268.0	140.0	53.0	38.0	105.0	10.0	1.0	73.0	3.0	6.0	70.0	39.0	1.0	0.0	87.0	65.0	112.0	99.0	287.0	1033.0	550.0	116.0
81	0.0	0.0	0.0	0.0	0.0	4.0	0.0	41.0	48.0	21.0	240.0	238.0	0.0	5.0	4.0	0.0	19.0	7.0	24.0	296.0	412.0	10.0	0.0	0.0	0.0	0.0	95.0	6.0	12.0	3.0	36.0	56.0	0.0	4.0
82	0.0	0.0	0.0	0.0	0.0	0.0	0.0	1.0	0.0	0.0	3.0	15.0	2.0	0.0	5.0	0.0	0.0	0.0	0.0	769.0	747.0	0.0	0.0	0.0	0.0	0.0	0.0	0.0	0.0	0.0	0.0	0.0	0.0	0.0
83	0.0	0.0	0.0	0.0	0.0	0.0	3.0	10.0	0.0	0.0	26.0	29.0	0.0	0.0	0.0	0.0	0.0	3.0	0.0	0.0	0.0	0.0	0.0	0.0	0.0	0.0	4.0	10.0	5.0	8.0	403.0	1100.0	0.0	3.0
84	0.0	0.0	0.0	0.0	0.0	0.0	3.0	0.0	0.0	0.0	285.0	309.0	0.0	0.0	0.0	0.0	0.0	0.0	2.0	436.0	325.0	1.0	0.0	1.0	1.0	0.0	30.0	0.0	0.0	0.0	646.0	1257.0	0.0	12.0
85	0.0	0.0	0.0	0.0	0.0	0.0	0.0	0.0	0.0	0.0	90.0	93.0	0.0	0.0	0.0	0.0	0.0	0.0	0.0	424.0	391.0	0.0	0.0	0.0	3.0	0.0	0.0	0.0	1.0	0.0	462.0	1093.0	3.0	1.0
86	0.0	0.0	0.0	0.0	0.0	0.0	0.0	0.0	0.0	0.0	241.0	248.0	69.0	0.0	0.0	0.0	0.0	4.0	0.0	676.0	447.0	0.0	5.0	0.0	0.0	0.0	51.0	1.0	0.0	0.0	239.0	586.0	0.0	6.0
87	0.0	0.0	0.0	0.0	4.0	1.0	17.0	28.0	0.0	1.0	156.0	251.0	9.0	4.0	9.0	9.0	3.0	19.0	1.0	139.0	161.0	35.0	1.0	16.0	0.0	0.0	3.0	0.0	0.0	2.0	346.0	357.0	0.0	17.0
88	0.0	0.0	0.0	0.0	1.0	4.0	7.0	8.0	12.0	0.0	11.0	17.0	131.0	7.0	1.0	13.0	9.0	2.0	14.0	67.0	17.0	45.0	5.0	94.0	16.0	0.0	6.0	8.0	1.0	1.0	167.0	735.0	3.0	94.0
89	0.0	0.0	0.0	0.0	0.0	0.0	0.0	0.0	0.0	1.0	9.0	15.0	86.0	0.0	0.0	14.0	0.0	3.0	5.0	393.0	272.0	0.0	46.0	2.0	4.0	0.0	4.0	3.0	0.0	0.0	490.0	1012.0	0.0	32.0
90	0.0	0.0	0.0	0.0	1.0	2.0	0.0	2.0	0.0	0.0	191.0	271.0	10.0	0.0	4.0	0.0	4.0	0.0	4.0	370.0	287.0	5.0	0.0	3.0	0.0	0.0	4.0	2.0	2.0	0.0	66.0	268.0	2.0	10.0
91	0.0	0.0	0.0	0.0	0.0	0.0	0.0	0.0	0.0	0.0	1.0	0.0	0.0	0.0	0.0	0.0	0.0	0.0	0.0	1.0	0.0	5.0	0.0	0.0	0.0	0.0	43.0	1.0	0.0	0.0	494.0	986.0	0.0	2.0
92	0.0	10.0	0.0	0.0	9.0	81.0	8.0	4.0	0.0	0.0	35.0	15.0	2.0	33.0	3.0	0.0	0.0	711.0	310.0	10.0	2.0	0.0	0.0	0.0	0.0	0.0	2.0	0.0	3.0	0.0	1.0	6.0	84.0	63.0
93	0.0	0.0	0.0	0.0	0.0	0.0	0.0	1.0	0.0	0.0	0.0	0.0	0.0	0.0	0.0	0.0	0.0	0.0	0.0	0.0	0.0	0.0	0.0	0.0	0.0	0.0	3.0	0.0	2.0	0.0	335.0	1069.0	0.0	0.0
94	0.0	0.0	0.0	0.0	11.0	1.0	0.0	9.0	1.0	0.0	151.0	148.0	6.0	1.0	6.0	8.0	48.0	1.0	15.0	18.0	2.0	103.0	2.0	24.0	0.0	0.0	11.0	6.0	4.0	9.0	248.0	500.0	2.0	13.0
95	0.0	9.0	0.0	0.0	7.0	4.0	0.0	0.0	0.0	0.0	437.0	432.0	48.0	4.0	1.0	8.0	0.0	0.0	0.0	138.0	52.0	0.0	0.0	7.0	0.0	0.0	7.0	0.0	2.0	1.0	50.0	165.0	0.0	2.0
96	0.0	0.0	0.0	0.0	3.0	0.0	14.0	1.0	15.0	4.0	17.0	11.0	159.0	0.0	13.0	0.0	3.0	13.0	1.0	730.0	198.0	6.0	1.0	2.0	0.0	0.0	49.0	0.0	2.0	2.0	21.0	39.0	0.0	9.0
97	0.0	0.0	0.0	0.0	10.0	5.0	0.0	24.0	3.0	6.0	263.0	173.0	105.0	18.0	23.0	0.0	2.0	0.0	47.0	184.0	105.0	7.0	3.0	11.0	3.0	0.0	1.0	12.0	22.0	9.0	67.0	134.0	0.0	6.0
98	0.0	0.0	0.0	0.0	0.0	0.0	0.0	0.0	11.0	8.0	63.0	35.0	8.0	21.0	0.0	0.0	1.0	2.0	17.0	571.0	474.0	0.0	3.0	0.0	3.0	0.0	1.0	5.0	0.0	0.0	3.0	1.0	0.0	20.0
99	0.0	4.0	0.0	1.0	2.0	0.0	3.0	5.0	1.0	0.0	304.0	318.0	9.0	0.0	0.0	28.0	0.0	1.0	3.0	64.0	27.0	0.0	0.0	0.0	0.0	0.0	15.0	8.0	0.0	0.0	191.0	243.0	0.0	14.0
100	0.0	0.0	0.0	0.0	0.0	0.0	1.0	12.0	2.0	1.0	100.0	149.0	87.0	6.0	2.0	7.0	20.0	2.0	3.0	38.0	1.0	0.0	29.0	1.0	0.0	0.0	36.0	28.0	5.0	13.0	106.0	546.0	1.0	7.0
101	0.0	0.0	0.0	0.0	4.0	56.0	23.0	14.0	15.0	7.0	5.0	2.0	90.0	0.0	34.0	4.0	1.0	5.0	0.0	5.0	2.0	28.0	185.0	100.0	0.0	0.0	0.0	1.0	8.0	1.0	71.0	338.0	57.0	229.0
102	0.0	15.0	0.0	1.0	8.0	12.0	32.0	42.0	23.0	37.0	189.0	188.0	42.0	25.0	1.0	3.0	19.0	9.0	5.0	89.0	44.0	14.0	5.0	1.0	2.0	0.0	47.0	14.0	17.0	17.0	143.0	181.0	0.0	19.0
103	0.0	0.0	0.0	0.0	0.0	0.0	0.0	19.0	0.0	0.0	60.0	21.0	57.0	0.0	0.0	0.0	1.0	9.0	79.0	6.0	2.0	0.0	2.0	7.0	0.0	0.0	895.0	16.0	0.0	1.0	24.0	59.0	3.0	2.0
104	0.0	0.0	0.0	0.0	0.0	0.0	0.0	0.0	0.0	0.0	320.0	446.0	0.0	0.0	0.0	0.0	0.0	0.0	0.0	390.0	295.0	0.0	0.0	0.0	0.0	0.0	0.0	2.0	0.0	0.0	2.0	8.0	0.0	0.0
105	0.0	0.0	0.0	0.0	0.0	0.0	0.0	0.0	0.0	0.0	0.0	0.0	0.0	0.0	0.0	0.0	0.0	1169.0	0.0	0.0	0.0	0.0	0.0	0.0	0.0	0.0	0.0	0.0	0.0	0.0	1.0	0.0	0.0	0.0
106	0.0	0.0	0.0	0.0	4.0	4.0	0.0	1.0	12.0	13.0	236.0	278.0	25.0	1.0	1.0	4.0	2.0	4.0	0.0	290.0	165.0	16.0	15.0	0.0	0.0	0.0	26.0	0.0	54.0	28.0	11.0	36.0	0.0	1.0
107	0.0	0.0	0.0	0.0	0.0	0.0	0.0	0.0	0.0	0.0	0.0	0.0	0.0	0.0	0.0	0.0	0.0	2.0	0.0	3.0	0.0	0.0	0.0	0.0	0.0	0.0	0.0	0.0	1.0	0.0	368.0	827.0	0.0	0.0
108	0.0	0.0	0.0	3.0	0.0	4.0	0.0	0.0	0.0	4.0	362.0	293.0	1.0	0.0	0.0	5.0	0.0	1.0	3.0	133.0	84.0	5.0	1.0	2.0	6.0	0.0	81.0	23.0	0.0	0.0	66.0	29.0	0.0	31.0
109	0.0	0.0	0.0	0.0	2.0	0.0	2.0	2.0	0.0	0.0	290.0	153.0	5.0	1.0	1.0	13.0	0.0	2.0	4.0	246.0	22.0	0.0	1.0	0.0	0.0	0.0	8.0	0.0	0.0	1.0	80.0	282.0	0.0	9.0
110	0.0	0.0	0.0	0.0	5.0	1.0	23.0	1.0	2.0	0.0	37.0	56.0	531.0	21.0	0.0	5.0	0.0	39.0	10.0	184.0	67.0	0.0	23.0	39.0	7.0	0.0	192.0	60.0	0.0	0.0	90.0	496.0	0.0	80.0
111	0.0	0.0	0.0	0.0	1.0	63.0	13.0	208.0	85.0	125.0	0.0	0.0	0.0	0.0	25.0	0.0	21.0	0.0	1.0	0.0	0.0	71.0	37.0	7.0	7.0	0.0	10.0	0.0	240.0	199.0	0.0	1.0	18.0	48.0
112	0.0	0.0	0.0	0.0	0.0	0.0	0.0	27.0	3.0	0.0	80.0	42.0	4.0	0.0	1.0	0.0	4.0	0.0	0.0	518.0	528.0	17.0	0.0	0.0	0.0	0.0	5.0	0.0	0.0	0.0	32.0	28.0	0.0	3.0
113	0.0	0.0	0.0	1.0	0.0	0.0	3.0	1.0	0.0	0.0	247.0	285.0	0.0	0.0	1.0	2.0	2.0	0.0	0.0	129.0	156.0	20.0	8.0	0.0	0.0	0.0	21.0	6.0	0.0	0.0	50.0	108.0	0.0	16.0
114	0.0	0.0	0.0	0.0	2.0	0.0	0.0	2.0	0.0	0.0	62.0	113.0	35.0	0.0	2.0	8.0	5.0	0.0	4.0	56.0	55.0	6.0	8.0	31.0	0.0	0.0	18.0	0.0	4.0	5.0	173.0	472.0	4.0	1.0
115	0.0	0.0	0.0	0.0	0.0	0.0	0.0	0.0	0.0	0.0	58.0	51.0	5.0	3.0	0.0	0.0	13.0	5.0	0.0	215.0	367.0	2.0	10.0	1.0	0.0	0.0	0.0	1.0	0.0	0.0	207.0	142.0	0.0	2.0
116	0.0	0.0	0.0	0.0	3.0	1.0	0.0	8.0	0.0	0.0	122.0	124.0	111.0	0.0	0.0	0.0	0.0	0.0	15.0	268.0	265.0	3.0	93.0	3.0	0.0	0.0	0.0	64.0	0.0	2.0	21.0	8.0	0.0	53.0
117	0.0	0.0	0.0	0.0	11.0	1.0	20.0	5.0	8.0	0.0	49.0	63.0	13.0	9.0	12.0	5.0	233.0	34.0	0.0	467.0	105.0	43.0	4.0	82.0	0.0	0.0	5.0	23.0	1.0	0.0	19.0	44.0	1.0	38.0
118	0.0	0.0	0.0	0.0	1.0	0.0	0.0	0.0	0.0	0.0	115.0	86.0	0.0	1.0	0.0	0.0	0.0	1.0	0.0	513.0	379.0	0.0	0.0	0.0	0.0	0.0	0.0	0.0	1.0	2.0	0.0	0.0	0.0	0.0
119	0.0	0.0	0.0	0.0	0.0	1.0	0.0	44.0	85.0	30.0	191.0	174.0	0.0	7.0	3.0	7.0	2.0	78.0	5.0	8.0	10.0	0.0	2.0	0.0	0.0	0.0	25.0	16.0	0.0	1.0	93.0	56.0	0.0	233.0
120	0.0	0.0	0.0	0.0	4.0	1.0	0.0	11.0	6.0	1.0	0.0	8.0	105.0	29.0	0.0	5.0	0.0	56.0	81.0	405.0	260.0	0.0	0.0	33.0	11.0	0.0	436.0	51.0	0.0	0.0	41.0	154.0	9.0	315.0
121	0.0	0.0	0.0	0.0	0.0	0.0	0.0	0.0	0.0	0.0	262.0	329.0	3.0	0.0	0.0	4.0	0.0	5.0	1.0	167.0	73.0	0.0	0.0	0.0	0.0	0.0	1.0	0.0	0.0	0.0	20.0	120.0	0.0	3.0
122	0.0	0.0	0.0	0.0	0.0	0.0	0.0	0.0	6.0	0.0	0.0	0.0	0.0	0.0	0.0	2.0	0.0	0.0	0.0	0.0	4.0	2.0	0.0	1.0	1.0	0.0	0.0	6.0	0.0	0.0	234.0	759.0	2.0	1.0
123	0.0	0.0	0.0	0.0	0.0	0.0	0.0	0.0	0.0	0.0	15.0	12.0	6.0	0.0	0.0	5.0	0.0	0.0	0.0	0.0	0.0	0.0	0.0	0.0	0.0	0.0	0.0	0.0	0.0	0.0	228.0	746.0	0.0	0.0
124	0.0	0.0	0.0	0.0	0.0	0.0	0.0	0.0	0.0	0.0	502.0	363.0	0.0	0.0	0.0	0.0	0.0	0.0	0.0	4.0	4.0	0.0	0.0	0.0	0.0	0.0	8.0	14.0	0.0	0.0	5.0	2.0	0.0	0.0
125	0.0	0.0	0.0	0.0	0.0	0.0	0.0	0.0	0.0	0.0	0.0	7.0	0.0	0.0	0.0	0.0	0.0	0.0	0.0	15.0	16.0	0.0	0.0	0.0	0.0	0.0	0.0	0.0	0.0	0.0	485.0	551.0	0.0	0.0
126	0.0	0.0	0.0	0.0	0.0	0.0	0.0	0.0	0.0	0.0	8.0	5.0	0.0	0.0	0.0	0.0	0.0	35.0	0.0	541.0	316.0	0.0	0.0	0.0	0.0	0.0	53.0	0.0	0.0	0.0	10.0	46.0	0.0	9.0
127	0.0	0.0	0.0	0.0	6.0	1.0	0.0	19.0	0.0	0.0	106.0	143.0	27.0	0.0	7.0	2.0	2.0	1.0	4.0	246.0	248.0	36.0	17.0	23.0	4.0	0.0	72.0	2.0	5.0	0.0	5.0	73.0	3.0	0.0
128	0.0	0.0	0.0	0.0	1.0	1.0	2.0	1.0	0.0	0.0	476.0	459.0	65.0	0.0	11.0	1.0	2.0	0.0	3.0	204.0	242.0	6.0	6.0	1.0	0.0	0.0	2.0	0.0	0.0	1.0	32.0	52.0	0.0	2.0
129	0.0	0.0	0.0	0.0	0.0	0.0	0.0	0.0	0.0	0.0	32.0	48.0	0.0	0.0	1.0	0.0	0.0	0.0	0.0	493.0	137.0	0.0	0.0	0.0	0.0	0.0	0.0	1.0	0.0	0.0	60.0	292.0	0.0	11.0
130	0.0	0.0	0.0	0.0	1.0	3.0	0.0	0.0	8.0	2.0	310.0	228.0	15.0	0.0	0.0	1.0	2.0	7.0	7.0	63.0	42.0	3.0	4.0	0.0	2.0	0.0	90.0	22.0	11.0	4.0	1.0	6.0	0.0	88.0
131	0.0	0.0	0.0	0.0	0.0	0.0	0.0	3.0	0.0	0.0	550.0	465.0	0.0	0.0	0.0	0.0	0.0	0.0	0.0	42.0	59.0	0.0	0.0	0.0	0.0	0.0	16.0	0.0	0.0	0.0	76.0	265.0	0.0	2.0
132	0.0	0.0	0.0	0.0	13.0	5.0	3.0	20.0	91.0	46.0	203.0	151.0	7.0	11.0	12.0	5.0	2.0	63.0	3.0	205.0	280.0	44.0	2.0	10.0	5.0	0.0	28.0	139.0	2.0	1.0	20.0	25.0	1.0	264.0
133	0.0	6.0	0.0	0.0	0.0	1.0	1.0	3.0	0.0	6.0	222.0	238.0	8.0	0.0	2.0	0.0	1.0	5.0	1.0	97.0	120.0	0.0	5.0	5.0	2.0	0.0	24.0	1.0	1.0	0.0	174.0	352.0	1.0	6.0
134	0.0	0.0	0.0	0.0	0.0	0.0	0.0	1.0	0.0	0.0	19.0	43.0	0.0	0.0	0.0	1.0	0.0	0.0	1.0	0.0	3.0	0.0	0.0	0.0	0.0	0.0	0.0	0.0	0.0	0.0	285.0	560.0	0.0	0.0
135	0.0	0.0	0.0	0.0	1.0	0.0	7.0	0.0	0.0	0.0	20.0	25.0	0.0	0.0	0.0	0.0	0.0	5.0	3.0	26.0	19.0	1.0	3.0	0.0	0.0	0.0	149.0	603.0	0.0	1.0	5.0	1.0	0.0	41.0
136	0.0	0.0	0.0	0.0	0.0	0.0	0.0	0.0	0.0	3.0	21.0	23.0	6.0	1.0	0.0	0.0	0.0	0.0	11.0	537.0	259.0	0.0	0.0	1.0	0.0	0.0	1.0	5.0	0.0	0.0	0.0	2.0	0.0	4.0
137	0.0	0.0	0.0	0.0	2.0	0.0	0.0	0.0	7.0	1.0	1.0	5.0	7.0	0.0	8.0	3.0	4.0	0.0	2.0	229.0	107.0	3.0	2.0	191.0	75.0	0.0	35.0	19.0	5.0	5.0	109.0	268.0	3.0	40.0
138	0.0	0.0	0.0	0.0	0.0	0.0	5.0	0.0	3.0	0.0	40.0	37.0	0.0	0.0	0.0	0.0	0.0	13.0	0.0	406.0	299.0	0.0	7.0	0.0	0.0	0.0	0.0	11.0	1.0	0.0	2.0	1.0	0.0	35.0
139	0.0	0.0	0.0	0.0	0.0	0.0	5.0	4.0	0.0	0.0	79.0	56.0	5.0	1.0	0.0	0.0	0.0	3.0	0.0	102.0	91.0	0.0	0.0	4.0	0.0	0.0	16.0	0.0	0.0	0.0	149.0	360.0	0.0	3.0
140	0.0	0.0	0.0	0.0	0.0	0.0	0.0	0.0	0.0	0.0	0.0	0.0	6.0	5.0	0.0	0.0	0.0	0.0	31.0	391.0	368.0	0.0	0.0	0.0	0.0	0.0	44.0	0.0	0.0	3.0	0.0	0.0	0.0	0.0
141	0.0	0.0	0.0	0.0	0.0	0.0	9.0	85.0	0.0	0.0	26.0	15.0	0.0	47.0	11.0	1.0	5.0	0.0	0.0	369.0	241.0	0.0	1.0	0.0	0.0	0.0	3.0	0.0	0.0	0.0	0.0	0.0	0.0	0.0
142	0.0	1.0	0.0	0.0	0.0	5.0	9.0	3.0	9.0	4.0	59.0	36.0	21.0	9.0	0.0	5.0	12.0	22.0	9.0	224.0	216.0	4.0	6.0	3.0	0.0	0.0	10.0	18.0	4.0	2.0	16.0	82.0	0.0	16.0
143	0.0	0.0	0.0	0.0	0.0	0.0	0.0	0.0	0.0	4.0	0.0	2.0	916.0	0.0	2.0	3.0	2.0	11.0	0.0	60.0	66.0	3.0	2.0	9.0	31.0	0.0	0.0	7.0	0.0	0.0	0.0	0.0	0.0	0.0
144	0.0	0.0	0.0	0.0	0.0	0.0	0.0	1.0	0.0	1.0	98.0	122.0	0.0	0.0	0.0	0.0	0.0	0.0	0.0	0.0	9.0	0.0	0.0	0.0	0.0	0.0	0.0	0.0	0.0	0.0	689.0	157.0	0.0	2.0
145	0.0	0.0	0.0	0.0	39.0	7.0	10.0	69.0	28.0	28.0	193.0	162.0	59.0	42.0	3.0	9.0	3.0	10.0	3.0	111.0	74.0	4.0	0.0	2.0	1.0	0.0	31.0	0.0	1.0	8.0	8.0	16.0	0.0	33.0
146	0.0	0.0	0.0	0.0	3.0	2.0	5.0	1.0	0.0	0.0	165.0	115.0	7.0	0.0	4.0	0.0	0.0	0.0	0.0	249.0	389.0	2.0	3.0	1.0	0.0	0.0	31.0	1.0	0.0	0.0	468.0	1092.0	1.0	29.0
147	0.0	0.0	0.0	0.0	0.0	0.0	0.0	0.0	0.0	0.0	220.0	175.0	0.0	0.0	0.0	0.0	0.0	0.0	0.0	42.0	60.0	1.0	0.0	0.0	0.0	0.0	0.0	0.0	0.0	1.0	205.0	74.0	0.0	0.0
148	0.0	3.0	0.0	0.0	0.0	0.0	0.0	31.0	0.0	5.0	159.0	158.0	1.0	2.0	0.0	0.0	0.0	0.0	9.0	436.0	432.0	2.0	15.0	0.0	0.0	0.0	2.0	0.0	0.0	0.0	2.0	13.0	0.0	0.0
149	0.0	0.0	0.0	1.0	0.0	0.0	1.0	1.0	0.0	0.0	36.0	57.0	0.0	0.0	0.0	0.0	0.0	0.0	1.0	0.0	2.0	2.0	0.0	0.0	0.0	0.0	0.0	0.0	0.0	0.0	252.0	398.0	0.0	12.0
150	0.0	0.0	0.0	0.0	0.0	0.0	0.0	0.0	0.0	0.0	79.0	37.0	0.0	0.0	0.0	0.0	0.0	0.0	0.0	74.0	153.0	1.0	1.0	0.0	0.0	0.0	0.0	0.0	0.0	0.0	109.0	218.0	0.0	0.0
151	0.0	0.0	0.0	0.0	5.0	5.0	0.0	0.0	0.0	2.0	36.0	25.0	35.0	5.0	5.0	5.0	13.0	30.0	14.0	71.0	86.0	7.0	12.0	5.0	5.0	0.0	70.0	71.0	13.0	12.0	23.0	42.0	1.0	113.0
152	0.0	0.0	0.0	0.0	16.0	0.0	4.0	2.0	1.0	0.0	180.0	161.0	80.0	12.0	0.0	16.0	6.0	0.0	2.0	38.0	3.0	0.0	1.0	0.0	0.0	0.0	4.0	13.0	3.0	0.0	11.0	56.0	0.0	0.0
153	0.0	0.0	0.0	0.0	65.0	12.0	2.0	139.0	4.0	6.0	2.0	5.0	26.0	0.0	0.0	1.0	0.0	30.0	0.0	3.0	5.0	6.0	15.0	0.0	0.0	0.0	36.0	1.0	0.0	3.0	104.0	183.0	0.0	11.0
154	0.0	0.0	0.0	0.0	0.0	0.0	2.0	10.0	0.0	0.0	10.0	14.0	21.0	13.0	2.0	4.0	0.0	0.0	0.0	7.0	6.0	6.0	10.0	1.0	0.0	0.0	127.0	22.0	0.0	0.0	155.0	379.0	6.0	23.0
155	0.0	0.0	0.0	0.0	5.0	115.0	0.0	41.0	143.0	139.0	0.0	0.0	0.0	0.0	4.0	0.0	0.0	0.0	2.0	14.0	0.0	0.0	4.0	0.0	31.0	0.0	1.0	0.0	35.0	32.0	0.0	0.0	59.0	46.0
156	0.0	0.0	0.0	0.0	0.0	2.0	0.0	0.0	0.0	0.0	154.0	158.0	100.0	0.0	1.0	1.0	2.0	5.0	12.0	147.0	52.0	1.0	0.0	0.0	0.0	0.0	31.0	0.0	0.0	0.0	6.0	13.0	0.0	7.0
157	0.0	0.0	0.0	0.0	7.0	0.0	0.0	0.0	7.0	3.0	34.0	9.0	6.0	0.0	0.0	27.0	0.0	16.0	13.0	146.0	82.0	1.0	14.0	25.0	6.0	0.0	7.0	12.0	0.0	0.0	78.0	157.0	0.0	16.0
158	0.0	0.0	0.0	0.0	0.0	0.0	0.0	0.0	0.0	0.0	0.0	0.0	0.0	0.0	0.0	0.0	0.0	0.0	0.0	0.0	0.0	0.0	0.0	0.0	0.0	0.0	0.0	0.0	0.0	0.0	136.0	546.0	0.0	0.0
159	0.0	0.0	0.0	0.0	1.0	0.0	0.0	1.0	8.0	0.0	10.0	4.0	597.0	0.0	2.0	2.0	0.0	0.0	0.0	0.0	0.0	0.0	0.0	0.0	0.0	0.0	0.0	4.0	6.0	2.0	0.0	1.0	0.0	0.0
160	0.0	0.0	0.0	0.0	11.0	4.0	3.0	0.0	4.0	5.0	211.0	215.0	25.0	5.0	15.0	4.0	4.0	0.0	0.0	24.0	21.0	31.0	2.0	9.0	1.0	0.0	13.0	8.0	21.0	18.0	45.0	75.0	1.0	6.0
161	0.0	0.0	0.0	0.0	0.0	0.0	12.0	6.0	11.0	0.0	26.0	10.0	44.0	0.0	0.0	0.0	1.0	2.0	0.0	318.0	76.0	0.0	0.0	0.0	0.0	0.0	55.0	8.0	0.0	0.0	266.0	518.0	0.0	18.0
162	0.0	0.0	0.0	0.0	13.0	0.0	0.0	37.0	0.0	4.0	14.0	10.0	222.0	0.0	1.0	6.0	127.0	5.0	11.0	25.0	20.0	70.0	27.0	1.0	0.0	0.0	0.0	4.0	8.0	14.0	2.0	7.0	4.0	9.0
163	0.0	15.0	0.0	0.0	15.0	8.0	12.0	14.0	2.0	0.0	164.0	205.0	86.0	11.0	24.0	10.0	33.0	23.0	10.0	120.0	95.0	14.0	14.0	36.0	1.0	0.0	50.0	38.0	14.0	16.0	275.0	348.0	1.0	74.0
164	0.0	0.0	0.0	0.0	0.0	0.0	0.0	0.0	0.0	0.0	6.0	9.0	0.0	0.0	0.0	11.0	0.0	0.0	2.0	76.0	37.0	0.0	0.0	0.0	0.0	0.0	33.0	0.0	0.0	0.0	146.0	370.0	0.0	0.0
165	0.0	0.0	0.0	0.0	0.0	0.0	0.0	0.0	0.0	0.0	28.0	28.0	3.0	0.0	0.0	0.0	0.0	4.0	0.0	75.0	11.0	1.0	0.0	3.0	0.0	0.0	6.0	3.0	0.0	0.0	146.0	440.0	0.0	18.0
166	0.0	0.0	0.0	1.0	0.0	0.0	0.0	2.0	0.0	0.0	117.0	73.0	58.0	5.0	7.0	0.0	0.0	0.0	0.0	78.0	37.0	0.0	1.0	0.0	0.0	0.0	0.0	0.0	0.0	1.0	52.0	172.0	0.0	2.0
167	0.0	0.0	0.0	0.0	1.0	19.0	0.0	87.0	10.0	14.0	16.0	7.0	0.0	4.0	6.0	31.0	7.0	0.0	43.0	9.0	6.0	24.0	81.0	115.0	12.0	0.0	54.0	49.0	0.0	0.0	2.0	3.0	9.0	342.0
168	0.0	0.0	0.0	0.0	0.0	0.0	0.0	24.0	0.0	0.0	189.0	119.0	2.0	1.0	5.0	14.0	1.0	0.0	0.0	52.0	115.0	1.0	0.0	0.0	0.0	0.0	1.0	0.0	1.0	2.0	51.0	82.0	0.0	43.0
169	0.0	0.0	0.0	0.0	0.0	1.0	0.0	0.0	0.0	0.0	168.0	118.0	4.0	0.0	0.0	7.0	6.0	0.0	3.0	83.0	86.0	0.0	0.0	0.0	0.0	0.0	0.0	0.0	0.0	0.0	62.0	55.0	0.0	0.0
170	0.0	0.0	0.0	0.0	0.0	0.0	4.0	0.0	0.0	0.0	23.0	6.0	82.0	0.0	0.0	0.0	0.0	0.0	0.0	0.0	2.0	0.0	0.0	0.0	0.0	0.0	1.0	0.0	0.0	0.0	110.0	369.0	0.0	7.0
171	0.0	0.0	0.0	0.0	0.0	0.0	0.0	2.0	0.0	0.0	101.0	113.0	5.0	1.0	0.0	7.0	0.0	0.0	0.0	56.0	2.0	0.0	0.0	2.0	0.0	0.0	13.0	1.0	1.0	0.0	98.0	234.0	0.0	0.0
172	0.0	0.0	0.0	0.0	24.0	11.0	0.0	6.0	0.0	0.0	56.0	53.0	75.0	0.0	5.0	25.0	16.0	4.0	6.0	88.0	75.0	19.0	12.0	18.0	0.0	0.0	6.0	9.0	0.0	1.0	29.0	53.0	0.0	5.0
173	0.0	0.0	0.0	0.0	0.0	0.0	0.0	0.0	1.0	0.0	22.0	23.0	2.0	0.0	0.0	0.0	1.0	3.0	0.0	164.0	281.0	1.0	0.0	2.0	0.0	0.0	0.0	0.0	0.0	0.0	63.0	134.0	0.0	1.0
174	0.0	0.0	0.0	0.0	0.0	0.0	0.0	0.0	0.0	0.0	36.0	17.0	0.0	0.0	0.0	0.0	0.0	0.0	0.0	0.0	0.0	0.0	0.0	0.0	0.0	0.0	0.0	0.0	0.0	0.0	299.0	242.0	0.0	0.0
175	0.0	0.0	0.0	0.0	9.0	149.0	0.0	19.0	98.0	106.0	0.0	1.0	0.0	0.0	0.0	0.0	0.0	0.0	0.0	56.0	37.0	0.0	7.0	0.0	121.0	0.0	10.0	0.0	95.0	76.0	0.0	0.0	27.0	0.0
176	0.0	0.0	0.0	0.0	0.0	0.0	0.0	0.0	0.0	0.0	9.0	16.0	12.0	0.0	0.0	0.0	14.0	0.0	0.0	34.0	15.0	0.0	0.0	0.0	0.0	0.0	3.0	0.0	0.0	0.0	158.0	335.0	0.0	5.0
177	0.0	0.0	0.0	0.0	0.0	0.0	269.0	1.0	0.0	161.0	90.0	56.0	0.0	0.0	0.0	0.0	0.0	0.0	0.0	2.0	0.0	0.0	0.0	0.0	0.0	0.0	120.0	1.0	1.0	6.0	0.0	2.0	0.0	73.0
178	0.0	0.0	0.0	0.0	0.0	0.0	0.0	0.0	0.0	0.0	0.0	0.0	0.0	0.0	0.0	0.0	0.0	0.0	0.0	0.0	0.0	0.0	0.0	0.0	0.0	0.0	0.0	0.0	0.0	0.0	110.0	485.0	1.0	2.0
179	0.0	0.0	0.0	0.0	7.0	0.0	0.0	2.0	11.0	8.0	55.0	23.0	3.0	0.0	3.0	5.0	60.0	21.0	7.0	104.0	30.0	0.0	2.0	1.0	10.0	0.0	0.0	78.0	0.0	0.0	1.0	1.0	0.0	273.0
180	0.0	0.0	0.0	0.0	0.0	0.0	0.0	0.0	0.0	0.0	0.0	3.0	0.0	0.0	0.0	0.0	0.0	0.0	0.0	6.0	4.0	0.0	0.0	0.0	0.0	0.0	0.0	0.0	0.0	0.0	177.0	421.0	0.0	0.0
181	0.0	0.0	0.0	0.0	0.0	0.0	0.0	2.0	0.0	0.0	289.0	287.0	0.0	0.0	0.0	0.0	0.0	0.0	0.0	26.0	10.0	6.0	1.0	4.0	0.0	0.0	23.0	0.0	0.0	0.0	0.0	18.0	0.0	1.0
182	0.0	0.0	0.0	0.0	13.0	2.0	0.0	6.0	3.0	1.0	206.0	157.0	2.0	0.0	3.0	1.0	31.0	0.0	0.0	44.0	18.0	16.0	1.0	2.0	0.0	0.0	3.0	2.0	2.0	5.0	28.0	79.0	0.0	8.0
183	0.0	0.0	0.0	0.0	0.0	4.0	0.0	21.0	1.0	1.0	111.0	149.0	191.0	0.0	1.0	1.0	1.0	2.0	0.0	0.0	0.0	0.0	7.0	7.0	0.0	0.0	23.0	0.0	7.0	12.0	21.0	91.0	0.0	8.0
184	0.0	0.0	0.0	0.0	0.0	0.0	0.0	0.0	0.0	0.0	12.0	17.0	0.0	0.0	0.0	0.0	1.0	11.0	1.0	393.0	223.0	0.0	0.0	0.0	0.0	0.0	5.0	0.0	1.0	0.0	0.0	1.0	0.0	0.0
185	0.0	1.0	0.0	0.0	1.0	0.0	0.0	0.0	1.0	1.0	41.0	43.0	12.0	0.0	0.0	3.0	4.0	2.0	2.0	8.0	22.0	2.0	1.0	0.0	0.0	0.0	5.0	2.0	0.0	0.0	184.0	255.0	1.0	0.0
