# Rank-abundance table: OTU names and OTU abundances ordered by rank for 34 samples
# 1:Rank	2:OTU	3:N14	4:OTU	5:N8	6:OTU	7:N9	8:OTU	9:S1	10:OTU	11:S10	12:OTU	13:S11	14:OTU	15:S12	16:OTU	17:S13	18:OTU	19:S14	20:OTU	21:S15	22:OTU	23:S2	24:OTU	25:S3	26:OTU	27:S4	28:OTU	29:S5	30:OTU	31:S6	32:OTU	33:S7	34:OTU	35:S8	36:OTU	37:S9	38:OTU	39:T1	40:OTU	41:T10	42:OTU	43:T11	44:OTU	45:T12	46:OTU	47:T13	48:OTU	49:T14	50:OTU	51:T15	52:OTU	53:T16	54:OTU	55:T2	56:OTU	57:T3	58:OTU	59:T4	60:OTU	61:T5	62:OTU	63:T6	64:OTU	65:T7	66:OTU	67:T8	68:OTU	69:T9
1	0	78.0	1	59.0	2	2.0	44	5.0	0	46045.0	0	77675.0	2	28602.0	2	114745.0	0	42639.0	2	39675.0	10	10439.0	8	9336.0	1	38684.0	0	52280.0	1	73046.0	0	71000.0	1	113674.0	0	65813.0	2	105172.0	44	4406.0	44	5000.0	0	62705.0	0	72663.0	1	90627.0	0	38334.0	2	7.0	0	47427.0	2	58849.0	2	65298.0	2	57371.0	16	3999.0	16	8500.0	0	65540.0	1	82180.0
2	5	32.0	11	26.0	45	1.0	8	4.0	1	38893.0	1	18249.0	0	8698.0	0	26273.0	2	28519.0	1	17036.0	8	8490.0	10	9273.0	0	22418.0	11	15393.0	0	62699.0	3	29629.0	4	17059.0	1	26078.0	5	23898.0	19	3382.0	29	2533.0	2	34334.0	2	20710.0	0	42910.0	1	29968.0	1	3.0	2	33589.0	0	24622.0	1	31675.0	6	33354.0	27	2410.0	10	5838.0	1	19368.0	0	30583.0
3	3	15.0	13	23.0	185	0.0	108	3.0	4	29841.0	2	16463.0	1	2355.0	3	10439.0	1	21991.0	0	12937.0	15	6138.0	15	6057.0	26	4232.0	2	8172.0	13	1826.0	1	7318.0	13	3246.0	37	4834.0	0	21476.0	24	3346.0	24	2189.0	4	10418.0	1	16725.0	2	1834.0	2	25502.0	20	1.0	1	11956.0	1	11183.0	0	23233.0	0	18370.0	13	2238.0	28	5751.0	4	8105.0	4	19646.0
4	1	12.0	30	17.0	184	0.0	13	3.0	2	8163.0	5	6368.0	6	1808.0	5	7096.0	6	2211.0	14	3031.0	18	5370.0	44	4587.0	13	2560.0	1	4110.0	79	1295.0	2	1008.0	39	1519.0	43	3914.0	3	5982.0	33	3087.0	33	2091.0	1	8413.0	14	2904.0	3	974.0	4	855.0	4	1.0	6	8455.0	5	7041.0	9	22269.0	12	12055.0	44	2078.0	13	4881.0	14	4916.0	2	9263.0
5	2	5.0	23	16.0	183	0.0	10	3.0	5	1456.0	4	4371.0	3	1146.0	1	4274.0	14	1769.0	3	824.0	44	4619.0	13	4229.0	19	1838.0	22	2994.0	39	1180.0	4	864.0	21	934.0	46	3491.0	6	5074.0	20	2961.0	19	1956.0	3	3380.0	3	1788.0	4	688.0	6	453.0	3	1.0	3	4649.0	12	5854.0	7	17310.0	7	9890.0	10	1857.0	31	4261.0	2	3351.0	14	2127.0
6	26	1.0	163	15.0	182	0.0	23	2.0	6	377.0	14	1031.0	12	779.0	11	2971.0	3	1211.0	7	678.0	13	4496.0	18	4067.0	80	1268.0	4	2014.0	4	636.0	6	562.0	23	479.0	10	1690.0	1	1925.0	42	2100.0	23	1921.0	6	1625.0	4	1112.0	13	527.0	29	150.0	0	1.0	8	4229.0	4	2895.0	4	7221.0	1	7844.0	41	1853.0	27	3694.0	3	1863.0	17	1991.0
7	185	0.0	102	15.0	181	0.0	15	2.0	13	365.0	6	388.0	5	750.0	6	1633.0	5	714.0	6	347.0	31	3448.0	38	3750.0	143	916.0	17	1316.0	26	565.0	26	361.0	57	459.0	105	1169.0	17	1375.0	29	2100.0	42	1897.0	39	1352.0	17	417.0	21	479.0	175	121.0	185	0.0	25	3304.0	14	1856.0	35	4436.0	22	5827.0	31	1655.0	36	3470.0	6	583.0	40	1608.0
8	184	0.0	41	13.0	180	0.0	166	1.0	22	201.0	175	149.0	11	711.0	7	1537.0	4	638.0	4	232.0	38	3398.0	31	3646.0	10	733.0	5	999.0	2	440.0	17	306.0	9	352.0	4	1162.0	14	439.0	25	1973.0	20	1814.0	57	963.0	19	239.0	26	244.0	18	110.0	184	0.0	17	3103.0	6	1531.0	6	2365.0	9	2581.0	34	1433.0	41	3146.0	80	550.0	55	1002.0
9	183	0.0	92	10.0	179	0.0	149	1.0	80	143.0	62	136.0	14	487.0	50	1079.0	9	564.0	177	161.0	47	2139.0	36	2029.0	17	612.0	6	479.0	6	377.0	29	165.0	35	330.0	6	948.0	25	332.0	13	1945.0	27	1489.0	14	960.0	5	210.0	29	192.0	137	75.0	183	0.0	10	2510.0	17	999.0	3	1571.0	4	2056.0	23	1407.0	34	3129.0	17	532.0	13	505.0
10	182	0.0	95	9.0	178	0.0	113	1.0	57	131.0	13	131.0	7	451.0	39	1027.0	7	531.0	5	149.0	36	2119.0	48	1540.0	159	597.0	13	367.0	21	232.0	13	140.0	117	233.0	92	711.0	92	310.0	32	1915.0	25	1319.0	21	584.0	101	185.0	137	191.0	5	44.0	182	0.0	54	1634.0	31	944.0	39	1570.0	3	1394.0	30	1214.0	44	3023.0	10	351.0	19	443.0
11	181	0.0	57	9.0	177	0.0	102	1.0	29	109.0	155	115.0	4	358.0	12	852.0	17	402.0	155	139.0	48	1540.0	52	1432.0	21	544.0	14	226.0	11	104.0	62	130.0	29	157.0	13	195.0	19	231.0	8	1716.0	32	1247.0	62	516.0	6	174.0	59	149.0	17	43.0	181	0.0	14	1508.0	7	891.0	40	991.0	35	564.0	21	1173.0	21	2939.0	7	312.0	10	401.0
12	180	0.0	133	6.0	176	0.0	99	1.0	49	79.0	50	91.0	8	319.0	4	640.0	49	211.0	111	125.0	20	1230.0	26	1282.0	110	531.0	80	140.0	80	53.0	59	100.0	26	156.0	64	165.0	23	187.0	10	1703.0	75	1245.0	13	407.0	40	173.0	44	121.0	40	40.0	180	0.0	5	1416.0	63	620.0	12	789.0	13	401.0	28	1150.0	20	2894.0	39	228.0	167	342.0
13	179	0.0	69	6.0	175	0.0	76	1.0	21	72.0	92	81.0	177	269.0	14	561.0	155	143.0	175	106.0	57	1127.0	6	1159.0	59	349.0	45	127.0	25	52.0	19	93.0	162	127.0	20	135.0	12	172.0	45	1387.0	45	1229.0	5	396.0	7	166.0	167	115.0	155	31.0	179	0.0	31	1213.0	135	603.0	22	729.0	5	377.0	20	937.0	23	2513.0	50	174.0	6	325.0
14	178	0.0	44	5.0	174	0.0	75	1.0	153	65.0	49	81.0	10	151.0	13	511.0	20	138.0	20	104.0	26	1123.0	20	1076.0	57	319.0	26	123.0	7	48.0	39	76.0	80	105.0	50	128.0	50	163.0	36	1319.0	30	1100.0	7	377.0	50	145.0	14	105.0	143	31.0	178	0.0	12	1086.0	40	481.0	13	448.0	59	339.0	32	883.0	32	2332.0	40	174.0	120	315.0
15	177	0.0	99	4.0	173	0.0	73	1.0	19	53.0	39	76.0	17	140.0	62	368.0	62	132.0	12	84.0	17	1068.0	57	1043.0	49	293.0	27	90.0	62	46.0	44	66.0	32	64.0	12	128.0	18	122.0	0	1312.0	0	1045.0	50	281.0	62	141.0	17	101.0	13	30.0	177	0.0	45	1047.0	10	441.0	5	299.0	39	261.0	36	749.0	26	2284.0	11	169.0	73	284.0
16	176	0.0	40	4.0	172	0.0	57	1.0	17	51.0	12	66.0	45	69.0	49	311.0	11	118.0	62	60.0	11	995.0	11	1042.0	31	280.0	23	71.0	32	46.0	23	66.0	179	60.0	26	101.0	20	119.0	23	1308.0	10	1008.0	22	272.0	29	131.0	101	100.0	49	28.0	176	0.0	103	895.0	13	289.0	59	268.0	14	255.0	144	689.0	33	2173.0	60	144.0	179	273.0
17	175	0.0	148	3.0	171	0.0	48	1.0	79	46.0	40	64.0	62	52.0	111	208.0	175	98.0	13	58.0	32	984.0	17	927.0	44	260.0	141	47.0	44	43.0	18	55.0	53	51.0	49	94.0	4	105.0	26	1271.0	70	962.0	23	205.0	18	119.0	88	94.0	26	19.0	175	0.0	59	541.0	47	267.0	111	240.0	26	227.0	84	646.0	64	1807.0	62	99.0	132	264.0
18	174	0.0	185	1.0	170	0.0	47	1.0	40	41.0	111	63.0	55	52.0	17	207.0	132	91.0	49	56.0	52	983.0	61	879.0	23	240.0	8	46.0	59	41.0	40	45.0	94	48.0	44	93.0	7	102.0	58	1166.0	58	944.0	40	170.0	59	110.0	117	82.0	7	19.0	174	0.0	23	483.0	8	242.0	17	169.0	21	216.0	26	592.0	30	1765.0	92	84.0	50	264.0
19	173	0.0	142	1.0	169	0.0	36	1.0	145	39.0	3	61.0	49	50.0	23	189.0	119	85.0	9	56.0	6	945.0	41	869.0	162	222.0	145	42.0	54	41.0	21	45.0	44	48.0	119	78.0	35	95.0	11	994.0	8	871.0	9	165.0	44	98.0	79	62.0	88	16.0	173	0.0	11	477.0	79	186.0	26	134.0	62	205.0	29	569.0	48	1724.0	12	74.0	8	257.0
20	172	0.0	38	1.0	168	0.0	31	1.0	26	34.0	101	56.0	31	45.0	44	147.0	111	85.0	132	46.0	61	887.0	32	861.0	55	192.0	19	38.0	23	40.0	12	41.0	27	41.0	2	73.0	120	81.0	27	924.0	63	839.0	26	157.0	23	94.0	25	61.0	65	13.0	172	0.0	120	436.0	26	167.0	21	126.0	111	199.0	56	564.0	60	1594.0	155	59.0	119	233.0
21	171	0.0	32	1.0	167	0.0	30	1.0	14	33.0	21	55.0	19	40.0	153	139.0	39	83.0	17	45.0	74	867.0	30	841.0	183	191.0	25	37.0	14	35.0	80	38.0	49	39.0	54	72.0	103	79.0	75	885.0	13	815.0	19	149.0	116	93.0	57	51.0	44	13.0	171	0.0	20	347.0	51	160.0	80	112.0	40	119.0	64	525.0	72	1487.0	101	57.0	101	229.0
22	170	0.0	12	1.0	166	0.0	17	1.0	62	31.0	9	51.0	80	38.0	27	97.0	13	70.0	57	44.0	23	774.0	74	751.0	40	180.0	92	33.0	101	34.0	167	31.0	65	36.0	45	64.0	49	61.0	30	882.0	82	747.0	94	103.0	12	88.0	5	47.0	21	13.0	170	0.0	44	323.0	9	145.0	175	95.0	17	105.0	73	503.0	68	1447.0	59	40.0	20	225.0
23	169	0.0	184	0.0	165	0.0	11	1.0	7	25.0	80	45.0	44	35.0	167	87.0	12	58.0	102	37.0	30	739.0	23	717.0	96	159.0	12	31.0	29	34.0	99	28.0	163	33.0	132	63.0	40	55.0	70	829.0	11	744.0	53	102.0	167	81.0	76	46.0	8	13.0	169	0.0	13	281.0	132	139.0	62	88.0	57	100.0	65	500.0	65	1353.0	8	38.0	63	215.0
24	168	0.0	183	0.0	164	0.0	4	1.0	172	24.0	23	37.0	102	32.0	57	86.0	44	57.0	44	33.0	41	712.0	66	651.0	8	158.0	57	30.0	45	31.0	157	27.0	182	31.0	120	56.0	13	49.0	2	815.0	12	700.0	12	101.0	80	70.0	110	39.0	167	12.0	168	0.0	48	242.0	45	136.0	49	63.0	80	99.0	60	499.0	56	1328.0	49	34.0	57	142.0
25	167	0.0	182	0.0	163	0.0	185	0.0	23	24.0	20	37.0	48	31.0	141	85.0	81	48.0	119	30.0	66	641.0	54	612.0	2	152.0	49	30.0	5	29.0	172	25.0	0	31.0	25	54.0	97	47.0	82	769.0	26	663.0	27	95.0	13	67.0	80	39.0	120	11.0	167	0.0	110	192.0	55	128.0	57	60.0	175	76.0	24	495.0	54	1285.0	21	32.0	54	141.0
26	166	0.0	181	0.0	162	0.0	184	0.0	47	20.0	57	35.0	13	31.0	145	69.0	57	47.0	39	29.0	53	634.0	53	584.0	11	149.0	120	29.0	8	28.0	31	24.0	62	30.0	17	50.0	26	47.0	69	754.0	69	618.0	20	89.0	21	61.0	60	38.0	73	11.0	166	0.0	26	162.0	25	123.0	106	54.0	49	59.0	91	494.0	24	1268.0	175	27.0	80	116.0
27	165	0.0	180	0.0	161	0.0	183	0.0	51	17.0	22	32.0	22	30.0	45	64.0	80	45.0	145	28.0	54	616.0	47	490.0	54	141.0	21	29.0	3	28.0	5	22.0	78	23.0	7	45.0	167	43.0	96	730.0	41	533.0	111	71.0	31	55.0	163	36.0	179	10.0	165	0.0	19	158.0	20	112.0	155	35.0	155	32.0	89	490.0	84	1257.0	5	22.0	151	113.0
28	164	0.0	179	0.0	160	0.0	182	0.0	152	16.0	17	31.0	65	27.0	40	47.0	10	39.0	11	23.0	131	550.0	131	465.0	53	140.0	102	25.0	111	25.0	57	20.0	111	21.0	38	44.0	62	42.0	31	724.0	112	528.0	162	70.0	63	49.0	6	36.0	20	9.0	164	0.0	135	149.0	27	108.0	50	26.0	106	28.0	125	485.0	19	1194.0	111	18.0	65	110.0
29	163	0.0	178	0.0	159	0.0	181	0.0	163	15.0	10	29.0	110	23.0	26	47.0	145	28.0	26	22.0	124	502.0	128	459.0	88	131.0	110	21.0	163	24.0	58	18.0	100	20.0	23	42.0	140	31.0	76	678.0	36	528.0	18	65.0	89	46.0	120	33.0	62	8.0	163	0.0	50	149.0	23	85.0	54	23.0	20	28.0	0	469.0	83	1100.0	20	12.0	59	106.0
30	162	0.0	177	0.0	158	0.0	180	0.0	39	15.0	167	19.0	101	23.0	119	44.0	63	26.0	81	21.0	128	476.0	80	450.0	32	127.0	98	21.0	27	24.0	152	16.0	102	19.0	73	41.0	10	30.0	86	676.0	51	514.0	63	54.0	27	40.0	23	33.0	59	8.0	162	0.0	79	136.0	22	79.0	97	22.0	160	18.0	146	468.0	85	1093.0	65	11.0	18	102.0
31	161	0.0	176	0.0	157	0.0	179	0.0	182	13.0	26	18.0	117	20.0	102	42.0	31	26.0	80	20.0	95	437.0	104	446.0	18	124.0	59	19.0	97	23.0	49	16.0	81	19.0	110	39.0	27	25.0	63	616.0	98	474.0	44	54.0	111	37.0	7	32.0	57	8.0	161	0.0	53	135.0	179	78.0	14	22.0	102	17.0	85	462.0	146	1092.0	167	9.0	44	101.0
32	160	0.0	175	0.0	156	0.0	178	0.0	162	13.0	65	17.0	87	17.0	155	41.0	102	23.0	40	20.0	80	384.0	95	432.0	116	111.0	97	18.0	47	22.0	60	15.0	76	18.0	126	35.0	21	25.0	34	588.0	67	472.0	29	46.0	20	32.0	114	31.0	111	7.0	160	0.0	27	131.0	21	78.0	160	21.0	29	17.0	78	461.0	93	1069.0	120	9.0	21	101.0
33	159	0.0	174	0.0	155	0.0	177	0.0	132	13.0	47	17.0	28	16.0	81	41.0	40	18.0	167	14.0	27	372.0	51	413.0	69	108.0	63	18.0	70	20.0	22	15.0	68	18.0	117	34.0	8	25.0	98	571.0	71	461.0	17	46.0	100	29.0	31	28.0	110	7.0	159	0.0	154	127.0	44	77.0	31	21.0	163	16.0	51	430.0	73	1043.0	47	9.0	49	97.0
34	158	0.0	173	0.0	154	0.0	176	0.0	65	13.0	63	15.0	96	14.0	29	38.0	101	15.0	106	13.0	108	362.0	27	395.0	120	105.0	44	18.0	65	20.0	11	15.0	172	16.0	57	33.0	81	24.0	12	553.0	86	447.0	88	45.0	11	29.0	157	25.0	10	7.0	158	0.0	21	122.0	54	73.0	56	18.0	162	14.0	48	427.0	80	1033.0	32	8.0	88	94.0
35	157	0.0	172	0.0	153	0.0	175	0.0	160	11.0	41	13.0	111	13.0	162	37.0	96	15.0	21	13.0	51	356.0	124	363.0	97	105.0	76	17.0	60	20.0	168	14.0	3	16.0	48	32.0	31	24.0	6	552.0	2	445.0	132	44.0	53	28.0	62	25.0	157	6.0	157	0.0	177	120.0	151	71.0	44	18.0	8	14.0	33	422.0	78	1028.0	154	6.0	23	92.0
36	156	0.0	171	0.0	152	0.0	174	0.0	117	11.0	153	12.0	163	12.0	59	32.0	65	14.0	65	11.0	33	345.0	69	351.0	156	100.0	10	16.0	10	18.0	89	14.0	176	14.0	153	30.0	45	23.0	126	541.0	148	432.0	117	43.0	26	28.0	94	24.0	108	6.0	156	0.0	51	119.0	32	68.0	102	17.0	100	13.0	68	406.0	89	1012.0	162	4.0	130	88.0
37	155	0.0	170	0.0	151	0.0	173	0.0	94	11.0	102	12.0	161	12.0	148	31.0	8	14.0	60	11.0	4	342.0	21	332.0	47	91.0	154	13.0	53	17.0	109	13.0	151	13.0	151	30.0	44	19.0	71	538.0	81	412.0	127	36.0	162	27.0	40	24.0	50	6.0	155	0.0	64	103.0	80	65.0	163	14.0	183	12.0	83	403.0	77	1012.0	114	4.0	60	85.0
38	154	0.0	169	0.0	150	0.0	172	0.0	10	11.0	172	11.0	67	12.0	87	28.0	106	12.0	29	11.0	21	325.0	121	329.0	101	90.0	152	12.0	160	15.0	88	13.0	115	13.0	31	29.0	98	17.0	136	537.0	48	393.0	87	35.0	9	27.0	12	24.0	39	6.0	154	0.0	81	95.0	116	64.0	23	14.0	151	12.0	107	368.0	91	986.0	37	4.0	110	80.0
39	153	0.0	168	0.0	149	0.0	171	0.0	97	10.0	31	11.0	145	10.0	112	27.0	88	12.0	51	10.0	104	320.0	75	319.0	20	88.0	163	11.0	96	13.0	50	13.0	60	13.0	55	28.0	51	16.0	112	518.0	85	391.0	160	31.0	110	23.0	127	23.0	22	6.0	153	0.0	76	94.0	49	62.0	151	13.0	56	12.0	19	367.0	17	973.0	13	4.0	31	80.0
40	152	0.0	167	0.0	148	0.0	170	0.0	25	10.0	29	9.0	73	10.0	41	26.0	59	12.0	179	8.0	130	310.0	99	318.0	100	87.0	132	11.0	49	13.0	164	11.0	142	12.0	32	26.0	116	15.0	118	513.0	146	389.0	65	31.0	51	20.0	55	22.0	151	5.0	152	0.0	49	94.0	110	60.0	81	12.0	54	12.0	87	346.0	107	827.0	137	3.0	27	78.0
41	151	0.0	166	0.0	147	0.0	169	0.0	175	9.0	7	9.0	142	9.0	22	26.0	26	12.0	98	8.0	99	304.0	84	309.0	163	86.0	142	9.0	9	13.0	75	11.0	75	12.0	8	26.0	94	15.0	51	509.0	34	387.0	101	28.0	57	19.0	18	21.0	132	5.0	151	0.0	130	90.0	62	56.0	130	11.0	53	12.0	54	344.0	0	809.0	127	3.0	12	78.0
42	150	0.0	165	0.0	146	0.0	168	0.0	92	9.0	163	8.0	141	9.0	80	25.0	179	11.0	101	7.0	109	290.0	108	293.0	89	86.0	117	9.0	132	12.0	35	11.0	45	12.0	163	23.0	151	14.0	129	493.0	118	379.0	167	24.0	60	18.0	50	20.0	53	5.0	150	0.0	40	90.0	50	53.0	58	10.0	47	12.0	93	335.0	6	768.0	103	3.0	163	74.0
43	149	0.0	164	0.0	145	0.0	167	0.0	9	9.0	44	8.0	92	8.0	168	24.0	161	11.0	54	7.0	181	289.0	181	287.0	170	82.0	53	9.0	117	12.0	163	10.0	18	12.0	142	22.0	88	14.0	48	483.0	21	378.0	35	22.0	127	17.0	20	19.0	35	5.0	149	0.0	55	88.0	120	51.0	52	9.0	44	12.0	2	300.0	122	759.0	88	3.0	177	73.0
44	148	0.0	162	0.0	144	0.0	165	0.0	102	8.0	145	7.0	135	7.0	97	24.0	98	11.0	48	7.0	84	285.0	113	285.0	28	82.0	48	9.0	141	11.0	27	10.0	31	11.0	179	21.0	157	13.0	117	467.0	140	368.0	113	20.0	49	17.0	172	18.0	127	4.0	148	0.0	80	87.0	167	49.0	20	9.0	31	12.0	174	299.0	123	746.0	85	3.0	26	64.0
45	147	0.0	161	0.0	143	0.0	164	0.0	63	8.0	45	7.0	88	7.0	53	24.0	167	10.0	23	7.0	37	282.0	37	280.0	152	80.0	31	9.0	128	11.0	145	9.0	10	11.0	65	21.0	156	12.0	41	461.0	115	367.0	172	19.0	153	15.0	87	16.0	89	4.0	147	0.0	32	86.0	35	49.0	162	8.0	23	12.0	80	287.0	88	735.0	63	3.0	92	63.0
46	146	0.0	160	0.0	142	0.0	163	0.0	50	8.0	18	7.0	60	7.0	10	23.0	60	10.0	153	6.0	75	278.0	106	278.0	4	77.0	62	8.0	40	11.0	87	9.0	48	10.0	87	19.0	162	11.0	53	449.0	53	357.0	59	19.0	148	15.0	65	16.0	98	3.0	146	0.0	108	81.0	163	38.0	101	8.0	65	10.0	134	285.0	69	728.0	34	3.0	51	59.0
47	145	0.0	159	0.0	141	0.0	162	0.0	31	8.0	35	6.0	78	6.0	183	21.0	142	9.0	133	6.0	69	271.0	67	274.0	172	75.0	119	7.0	17	11.0	114	8.0	20	10.0	34	17.0	136	11.0	21	445.0	76	343.0	51	19.0	106	15.0	27	15.0	97	3.0	145	0.0	33	74.0	33	32.0	75	8.0	97	9.0	69	281.0	29	704.0	28	3.0	69	56.0
48	144	0.0	158	0.0	140	0.0	161	0.0	179	7.0	151	5.0	54	6.0	132	20.0	21	9.0	97	6.0	97	263.0	90	271.0	41	73.0	88	7.0	87	9.0	95	8.0	88	9.0	30	17.0	63	11.0	148	436.0	84	325.0	30	19.0	163	14.0	41	14.0	85	3.0	144	0.0	127	72.0	100	28.0	183	7.0	94	9.0	163	275.0	52	688.0	27	3.0	5	55.0
49	143	0.0	157	0.0	139	0.0	160	0.0	157	7.0	142	5.0	146	5.0	21	20.0	159	8.0	25	6.0	121	262.0	33	263.0	86	69.0	69	7.0	57	9.0	94	8.0	5	9.0	157	16.0	53	11.0	84	436.0	126	316.0	10	18.0	157	14.0	30	14.0	58	3.0	143	0.0	18	72.0	57	28.0	63	7.0	145	8.0	161	266.0	2	688.0	26	3.0	116	53.0
50	142	0.0	156	0.0	138	0.0	159	0.0	95	7.0	132	5.0	139	5.0	175	19.0	130	8.0	160	5.0	67	256.0	87	251.0	128	65.0	100	6.0	137	8.0	65	8.0	56	8.0	40	15.0	163	10.0	85	424.0	5	305.0	112	17.0	172	12.0	10	14.0	48	3.0	142	0.0	151	70.0	117	23.0	159	6.0	83	8.0	75	263.0	51	681.0	18	3.0	111	48.0
51	141	0.0	155	0.0	137	0.0	158	0.0	53	7.0	97	5.0	138	5.0	127	19.0	117	8.0	148	5.0	113	247.0	86	248.0	145	59.0	50	6.0	166	7.0	56	8.0	167	7.0	63	14.0	110	10.0	138	406.0	138	299.0	69	17.0	151	12.0	54	12.0	41	3.0	141	0.0	69	65.0	108	23.0	48	6.0	19	7.0	72	262.0	86	586.0	122	2.0	22	48.0
52	140	0.0	154	0.0	136	0.0	157	0.0	35	7.0	59	5.0	53	5.0	103	19.0	48	8.0	50	5.0	86	241.0	133	238.0	166	58.0	34	6.0	127	7.0	7	8.0	59	7.0	27	14.0	148	9.0	120	405.0	104	295.0	182	16.0	65	12.0	97	11.0	27	3.0	140	0.0	28	61.0	154	22.0	18	6.0	177	6.0	3	258.0	45	574.0	94	2.0	155	46.0
53	139	0.0	153	0.0	135	0.0	156	0.0	127	6.0	183	4.0	50	5.0	60	18.0	29	8.0	162	4.0	81	240.0	81	238.0	103	57.0	166	5.0	167	6.0	171	7.0	54	7.0	21	14.0	142	9.0	184	393.0	90	287.0	106	16.0	154	10.0	53	11.0	23	3.0	139	0.0	62	57.0	130	22.0	137	5.0	182	5.0	149	252.0	134	560.0	90	2.0	29	46.0
54	138	0.0	152	0.0	134	0.0	155	0.0	69	6.0	160	4.0	34	5.0	20	17.0	157	7.0	143	4.0	106	236.0	130	228.0	76	57.0	160	5.0	94	6.0	169	7.0	19	7.0	138	13.0	11	9.0	89	393.0	173	281.0	78	16.0	115	10.0	132	10.0	12	3.0	138	0.0	4	56.0	64	22.0	127	5.0	137	5.0	77	251.0	71	556.0	69	2.0	64	45.0
55	137	0.0	151	0.0	133	0.0	154	0.0	155	5.0	108	4.0	23	5.0	54	15.0	137	7.0	142	4.0	1	233.0	160	215.0	64	53.0	151	5.0	77	6.0	119	7.0	169	6.0	96	13.0	59	8.0	140	391.0	132	280.0	163	14.0	10	10.0	160	9.0	133	2.0	137	0.0	161	55.0	65	21.0	100	5.0	114	5.0	94	248.0	125	551.0	44	2.0	168	43.0
56	136	0.0	150	0.0	132	0.0	153	0.0	151	5.0	106	4.0	170	4.0	31	15.0	23	7.0	108	4.0	133	222.0	163	205.0	95	48.0	140	5.0	76	6.0	100	7.0	152	6.0	41	12.0	48	8.0	104	390.0	49	276.0	102	14.0	39	9.0	143	9.0	130	2.0	136	0.0	167	54.0	137	19.0	83	5.0	69	5.0	86	239.0	158	546.0	185	1.0	135	41.0
57	135	0.0	149	0.0	131	0.0	152	0.0	110	5.0	95	4.0	152	4.0	163	14.0	122	6.0	96	4.0	147	220.0	102	188.0	56	47.0	81	5.0	51	6.0	162	6.0	141	5.0	184	11.0	179	7.0	73	372.0	89	272.0	36	14.0	114	8.0	56	9.0	102	2.0	135	0.0	126	53.0	142	18.0	142	4.0	63	5.0	52	239.0	100	546.0	178	1.0	137	40.0
58	134	0.0	147	0.0	130	0.0	151	0.0	46	5.0	88	4.0	58	4.0	101	14.0	120	6.0	53	4.0	160	211.0	147	175.0	45	45.0	60	5.0	172	5.0	66	6.0	114	5.0	143	11.0	130	7.0	90	370.0	116	265.0	49	12.0	113	8.0	66	8.0	69	2.0	134	0.0	86	51.0	75	18.0	114	4.0	130	4.0	122	234.0	74	537.0	163	1.0	117	38.0
59	133	0.0	146	0.0	129	0.0	150	0.0	45	5.0	81	4.0	160	3.0	65	14.0	75	6.0	157	3.0	182	206.0	119	174.0	161	44.0	32	5.0	168	5.0	20	6.0	79	5.0	33	11.0	75	7.0	141	369.0	120	260.0	81	10.0	183	7.0	63	8.0	34	2.0	133	0.0	163	50.0	69	18.0	94	4.0	79	4.0	67	232.0	161	518.0	160	1.0	138	35.0
60	132	0.0	145	0.0	128	0.0	148	0.0	44	5.0	76	4.0	132	3.0	100	12.0	19	5.0	136	3.0	132	203.0	97	173.0	102	42.0	167	4.0	151	5.0	179	5.0	69	5.0	29	11.0	42	7.0	49	355.0	136	259.0	41	10.0	175	7.0	183	7.0	14	2.0	132	0.0	96	49.0	39	18.0	29	4.0	153	3.0	123	228.0	94	500.0	151	1.0	145	33.0
61	131	0.0	144	0.0	127	0.0	147	0.0	27	5.0	130	3.0	113	3.0	120	11.0	160	4.0	75	3.0	145	193.0	145	162.0	48	42.0	95	4.0	82	5.0	151	5.0	63	5.0	145	10.0	172	6.0	55	345.0	127	248.0	54	9.0	138	7.0	111	7.0	163	1.0	131	0.0	102	47.0	66	17.0	10	4.0	140	3.0	6	224.0	110	496.0	146	1.0	89	32.0
62	130	0.0	143	0.0	126	0.0	146	0.0	120	4.0	79	3.0	99	3.0	154	10.0	153	4.0	66	3.0	119	191.0	152	161.0	61	37.0	87	4.0	75	5.0	142	5.0	51	5.0	80	10.0	32	6.0	64	337.0	128	242.0	56	8.0	37	7.0	103	7.0	160	1.0	130	0.0	140	44.0	119	16.0	152	3.0	81	3.0	45	211.0	178	485.0	133	1.0	108	31.0
63	129	0.0	141	0.0	125	0.0	145	0.0	106	4.0	60	3.0	84	3.0	83	10.0	50	4.0	151	2.0	90	191.0	156	158.0	151	35.0	51	4.0	48	5.0	132	5.0	47	5.0	71	10.0	119	5.0	54	323.0	141	241.0	32	8.0	142	6.0	95	7.0	145	1.0	129	0.0	91	43.0	103	16.0	92	3.0	58	3.0	115	207.0	114	472.0	132	1.0	48	30.0
64	128	0.0	140	0.0	124	0.0	144	0.0	101	4.0	19	3.0	83	3.0	55	10.0	182	3.0	130	2.0	168	189.0	148	158.0	114	35.0	40	4.0	155	4.0	123	5.0	185	4.0	103	9.0	102	5.0	161	318.0	66	231.0	151	7.0	128	6.0	69	7.0	122	1.0	128	0.0	63	43.0	48	16.0	53	3.0	51	3.0	147	205.0	165	440.0	117	1.0	146	29.0
65	127	0.0	139	0.0	123	0.0	143	0.0	87	4.0	182	2.0	75	3.0	94	9.0	138	3.0	24	2.0	102	189.0	56	158.0	65	31.0	115	3.0	146	4.0	120	5.0	160	4.0	102	9.0	89	5.0	81	296.0	184	223.0	97	7.0	32	6.0	35	7.0	84	1.0	127	0.0	29	42.0	124	14.0	45	3.0	50	3.0	99	191.0	180	421.0	100	1.0	62	29.0
66	126	0.0	138	0.0	122	0.0	142	0.0	11	4.0	156	2.0	56	3.0	48	9.0	112	3.0	18	2.0	76	183.0	182	157.0	27	31.0	56	3.0	90	4.0	117	5.0	137	4.0	5	9.0	127	4.0	66	295.0	142	216.0	75	7.0	133	5.0	32	6.0	80	1.0	126	0.0	30	41.0	102	14.0	8	3.0	48	3.0	53	188.0	149	398.0	79	1.0	45	26.0
67	125	0.0	137	0.0	121	0.0	141	0.0	146	3.0	146	2.0	51	3.0	30	9.0	97	3.0	10	2.0	152	180.0	109	153.0	127	27.0	39	3.0	81	4.0	110	5.0	112	4.0	130	7.0	114	4.0	106	290.0	73	203.0	28	7.0	102	5.0	151	5.0	64	1.0	125	0.0	24	41.0	76	14.0	182	2.0	45	3.0	71	185.0	75	389.0	73	1.0	53	25.0
68	124	0.0	136	0.0	120	0.0	140	0.0	116	3.0	90	2.0	154	2.0	116	8.0	64	3.0	185	1.0	169	168.0	132	151.0	153	26.0	33	3.0	63	4.0	108	5.0	90	4.0	81	7.0	109	4.0	5	286.0	96	198.0	181	6.0	88	5.0	133	5.0	63	1.0	124	0.0	41	39.0	152	13.0	132	2.0	18	3.0	185	184.0	53	383.0	64	1.0	154	23.0
69	123	0.0	135	0.0	119	0.0	139	0.0	96	3.0	54	2.0	153	2.0	88	8.0	27	3.0	183	1.0	146	165.0	183	149.0	160	25.0	30	3.0	33	4.0	51	5.0	73	4.0	75	7.0	90	4.0	67	281.0	55	166.0	154	6.0	86	5.0	61	5.0	51	1.0	123	0.0	47	37.0	18	13.0	96	2.0	10	3.0	180	177.0	154	379.0	57	1.0	7	23.0
70	122	0.0	134	0.0	118	0.0	138	0.0	66	3.0	53	2.0	128	2.0	19	8.0	18	3.0	182	1.0	163	164.0	100	149.0	106	25.0	148	2.0	30	4.0	10	5.0	37	4.0	53	6.0	60	4.0	116	268.0	106	165.0	153	6.0	48	5.0	48	5.0	36	1.0	122	0.0	153	36.0	157	12.0	95	2.0	168	2.0	133	174.0	164	370.0	55	1.0	47	22.0
71	121	0.0	132	0.0	117	0.0	137	0.0	52	3.0	11	2.0	109	2.0	18	8.0	163	2.0	144	1.0	148	159.0	94	148.0	77	25.0	65	2.0	182	3.0	160	4.0	30	4.0	18	6.0	24	4.0	146	249.0	64	164.0	128	6.0	155	4.0	11	5.0	31	1.0	121	0.0	100	36.0	97	12.0	93	2.0	159	2.0	114	173.0	170	369.0	48	1.0	75	21.0
72	120	0.0	131	0.0	116	0.0	136	0.0	37	3.0	169	1.0	69	2.0	63	7.0	110	2.0	137	1.0	87	156.0	127	143.0	60	25.0	54	2.0	179	3.0	154	4.0	7	4.0	162	5.0	169	3.0	127	246.0	87	161.0	114	6.0	130	4.0	8	5.0	30	1.0	120	0.0	137	35.0	41	12.0	90	2.0	142	2.0	88	167.0	139	360.0	42	1.0	66	21.0
73	119	0.0	130	0.0	115	0.0	135	0.0	33	3.0	133	1.0	40	2.0	47	7.0	100	2.0	120	1.0	156	154.0	76	137.0	30	22.0	47	2.0	145	3.0	121	4.0	2	4.0	156	5.0	145	3.0	109	246.0	113	156.0	96	6.0	117	4.0	181	4.0	24	1.0	119	0.0	164	33.0	138	11.0	79	2.0	118	2.0	74	162.0	87	357.0	41	1.0	98	20.0
74	118	0.0	129	0.0	114	0.0	134	0.0	30	3.0	128	1.0	32	2.0	25	7.0	51	2.0	100	1.0	94	151.0	116	124.0	154	21.0	41	2.0	119	3.0	106	4.0	145	3.0	135	5.0	135	3.0	137	229.0	150	153.0	80	6.0	79	4.0	139	4.0	185	0.0	118	0.0	156	31.0	60	11.0	32	2.0	116	2.0	176	158.0	133	352.0	23	1.0	32	20.0
75	117	0.0	128	0.0	113	0.0	133	0.0	20	3.0	127	1.0	26	2.0	182	6.0	45	2.0	89	1.0	56	147.0	144	122.0	142	21.0	171	1.0	92	3.0	101	4.0	96	3.0	133	5.0	132	3.0	142	224.0	77	148.0	108	5.0	75	4.0	49	4.0	184	0.0	117	0.0	146	31.0	83	10.0	27	2.0	96	2.0	154	155.0	163	348.0	184	0.0	102	19.0
76	116	0.0	127	0.0	112	0.0	132	0.0	3	3.0	120	1.0	21	2.0	172	6.0	41	2.0	87	1.0	63	123.0	1	121.0	6	19.0	168	1.0	56	3.0	53	4.0	87	3.0	121	5.0	128	3.0	38	218.0	129	137.0	91	5.0	146	3.0	42	4.0	183	0.0	116	0.0	145	31.0	19	10.0	184	1.0	87	2.0	17	151.0	101	338.0	183	0.0	39	19.0
77	115	0.0	126	0.0	111	0.0	131	0.0	137	2.0	119	1.0	20	2.0	161	6.0	36	2.0	79	1.0	116	122.0	168	119.0	75	17.0	139	1.0	35	3.0	41	4.0	70	3.0	115	5.0	108	3.0	115	215.0	133	120.0	90	5.0	135	3.0	165	3.0	182	0.0	115	0.0	84	30.0	172	9.0	177	1.0	75	2.0	139	149.0	176	335.0	182	0.0	165	18.0
78	114	0.0	125	0.0	110	0.0	130	0.0	114	2.0	117	1.0	9	2.0	68	6.0	30	2.0	70	1.0	166	117.0	169	118.0	22	17.0	136	1.0	20	3.0	185	3.0	61	3.0	101	5.0	100	3.0	132	205.0	168	115.0	38	5.0	98	3.0	142	3.0	181	0.0	114	0.0	132	28.0	161	8.0	171	1.0	30	2.0	165	146.0	38	300.0	181	0.0	161	18.0
79	113	0.0	124	0.0	109	0.0	129	0.0	109	2.0	116	1.0	149	1.0	56	6.0	185	1.0	69	1.0	118	115.0	63	118.0	34	16.0	118	1.0	159	2.0	143	3.0	156	2.0	14	5.0	99	3.0	128	204.0	137	107.0	31	5.0	97	3.0	116	3.0	180	0.0	113	0.0	106	26.0	160	8.0	168	1.0	172	1.0	164	146.0	129	292.0	180	0.0	87	17.0
80	112	0.0	123	0.0	108	0.0	128	0.0	99	2.0	110	1.0	133	1.0	35	6.0	183	1.0	63	1.0	183	111.0	146	115.0	130	15.0	109	1.0	154	2.0	137	3.0	143	2.0	172	4.0	69	3.0	77	191.0	117	105.0	145	4.0	66	3.0	90	3.0	178	0.0	112	0.0	119	25.0	99	8.0	145	1.0	166	1.0	102	143.0	67	285.0	179	0.0	157	16.0
81	111	0.0	122	0.0	107	0.0	127	0.0	76	2.0	94	1.0	100	1.0	8	6.0	173	1.0	33	1.0	55	107.0	171	113.0	117	13.0	106	1.0	143	2.0	102	3.0	132	2.0	165	4.0	57	3.0	110	184.0	97	105.0	142	4.0	56	3.0	75	3.0	177	0.0	111	0.0	71	25.0	88	8.0	138	1.0	147	1.0	158	136.0	109	282.0	177	0.0	142	16.0
82	110	0.0	121	0.0	106	0.0	126	0.0	56	2.0	87	1.0	77	1.0	117	5.0	152	1.0	32	1.0	127	106.0	114	113.0	29	13.0	94	1.0	133	2.0	69	3.0	130	2.0	106	4.0	37	3.0	97	184.0	163	95.0	143	3.0	54	3.0	73	3.0	176	0.0	110	0.0	133	24.0	56	8.0	133	1.0	135	1.0	178	110.0	137	268.0	176	0.0	113	16.0
83	109	0.0	120	0.0	105	0.0	125	0.0	41	2.0	56	1.0	68	1.0	99	5.0	99	1.0	30	1.0	171	101.0	49	100.0	185	12.0	75	1.0	114	2.0	54	3.0	128	2.0	86	4.0	185	2.0	121	167.0	38	94.0	137	3.0	45	3.0	51	3.0	174	0.0	109	0.0	183	23.0	143	7.0	118	1.0	132	1.0	170	110.0	90	268.0	174	0.0	37	15.0
84	108	0.0	119	0.0	104	0.0	124	0.0	185	1.0	48	1.0	64	1.0	139	4.0	94	1.0	22	1.0	100	100.0	55	99.0	176	12.0	52	1.0	100	2.0	47	3.0	127	2.0	51	4.0	164	2.0	173	164.0	139	91.0	130	3.0	179	2.0	47	3.0	173	0.0	108	0.0	181	23.0	122	6.0	117	1.0	128	1.0	150	109.0	131	265.0	173	0.0	11	15.0
85	107	0.0	118	0.0	103	0.0	123	0.0	167	1.0	37	1.0	63	1.0	92	4.0	77	1.0	8	1.0	144	98.0	85	93.0	90	10.0	37	1.0	69	2.0	14	3.0	119	2.0	36	4.0	155	2.0	156	147.0	6	89.0	116	3.0	160	2.0	16	3.0	172	0.0	107	0.0	78	22.0	113	6.0	107	1.0	119	1.0	137	109.0	185	255.0	172	0.0	99	14.0
86	106	0.0	117	0.0	102	0.0	122	0.0	159	1.0	33	1.0	41	1.0	142	3.0	56	1.0	184	0.0	177	90.0	4	88.0	99	9.0	35	1.0	67	2.0	8	3.0	113	2.0	3	4.0	152	2.0	157	146.0	14	88.0	72	3.0	143	2.0	182	2.0	171	0.0	106	0.0	7	22.0	94	6.0	88	1.0	109	1.0	100	106.0	99	243.0	171	0.0	94	13.0
87	105	0.0	116	0.0	101	0.0	121	0.0	135	1.0	185	0.0	185	0.0	133	3.0	54	1.0	181	0.0	85	90.0	118	86.0	87	9.0	20	1.0	66	2.0	159	2.0	106	2.0	173	3.0	137	2.0	87	139.0	169	86.0	52	3.0	137	2.0	173	2.0	170	0.0	105	0.0	113	21.0	81	6.0	85	1.0	103	1.0	153	104.0	174	242.0	170	0.0	149	12.0
88	104	0.0	115	0.0	100	0.0	120	0.0	130	1.0	184	0.0	184	0.0	131	3.0	184	0.0	180	0.0	49	86.0	166	73.0	51	9.0	18	1.0	41	2.0	127	2.0	97	2.0	139	3.0	84	2.0	95	138.0	151	86.0	11	3.0	132	2.0	171	2.0	169	0.0	104	0.0	114	18.0	58	6.0	76	1.0	101	1.0	171	98.0	171	234.0	169	0.0	84	12.0
89	103	0.0	114	0.0	99	0.0	119	0.0	128	1.0	181	0.0	183	0.0	69	3.0	181	0.0	178	0.0	112	80.0	19	69.0	5	9.0	185	0.0	37	2.0	122	2.0	40	2.0	89	3.0	66	2.0	108	133.0	108	84.0	185	2.0	119	2.0	145	2.0	168	0.0	103	0.0	66	17.0	34	6.0	69	1.0	95	1.0	119	93.0	8	227.0	168	0.0	153	11.0
90	102	0.0	113	0.0	98	0.0	118	0.0	118	1.0	180	0.0	182	0.0	33	3.0	180	0.0	176	0.0	150	79.0	73	64.0	133	8.0	184	0.0	31	2.0	113	2.0	6	2.0	83	3.0	41	2.0	113	129.0	157	82.0	149	2.0	103	2.0	108	2.0	166	0.0	102	0.0	139	16.0	136	5.0	65	1.0	88	1.0	49	91.0	150	218.0	166	0.0	129	11.0
91	101	0.0	112	0.0	97	0.0	117	0.0	111	1.0	179	0.0	181	0.0	32	3.0	178	0.0	174	0.0	139	79.0	117	63.0	98	8.0	183	0.0	183	1.0	74	2.0	184	1.0	58	3.0	36	2.0	163	120.0	161	76.0	148	2.0	94	2.0	96	2.0	165	0.0	101	0.0	131	16.0	98	5.0	60	1.0	52	1.0	110	90.0	153	183.0	165	0.0	90	10.0
92	100	0.0	111	0.0	96	0.0	116	0.0	90	1.0	178	0.0	180	0.0	181	2.0	177	0.0	173	0.0	2	73.0	149	57.0	78	8.0	182	0.0	162	1.0	63	2.0	183	1.0	185	2.0	22	2.0	145	111.0	172	75.0	146	2.0	69	2.0	89	2.0	164	0.0	100	0.0	58	16.0	73	5.0	51	1.0	11	1.0	1	87.0	102	181.0	164	0.0	58	10.0
93	99	0.0	110	0.0	95	0.0	115	0.0	88	1.0	177	0.0	179	0.0	179	2.0	176	0.0	172	0.0	65	67.0	177	56.0	67	8.0	181	0.0	156	1.0	45	2.0	173	1.0	183	2.0	184	1.0	179	104.0	145	74.0	122	2.0	67	2.0	36	2.0	162	0.0	99	0.0	99	15.0	59	5.0	47	1.0	185	0.0	109	80.0	166	172.0	161	0.0	16	10.0
94	98	0.0	109	0.0	94	0.0	114	0.0	71	1.0	176	0.0	178	0.0	171	2.0	174	0.0	171	0.0	98	63.0	139	56.0	146	7.0	180	0.0	129	1.0	30	2.0	168	1.0	161	2.0	149	1.0	139	102.0	121	73.0	115	2.0	8	2.0	179	1.0	161	0.0	98	0.0	52	15.0	53	5.0	19	1.0	184	0.0	157	78.0	95	165.0	159	0.0	162	9.0
95	97	0.0	108	0.0	93	0.0	112	0.0	59	1.0	174	0.0	176	0.0	166	2.0	172	0.0	170	0.0	114	62.0	110	56.0	137	7.0	179	0.0	113	1.0	183	1.0	161	1.0	109	2.0	134	1.0	61	102.0	110	67.0	45	2.0	185	1.0	162	1.0	159	0.0	97	0.0	171	13.0	162	4.0	15	1.0	181	0.0	63	78.0	55	158.0	158	0.0	126	9.0
96	96	0.0	107	0.0	92	0.0	111	0.0	54	1.0	173	0.0	175	0.0	152	2.0	171	0.0	169	0.0	19	62.0	2	56.0	132	7.0	178	0.0	112	1.0	182	1.0	133	1.0	107	2.0	133	1.0	133	97.0	143	66.0	37	2.0	182	1.0	154	1.0	158	0.0	96	0.0	160	13.0	159	4.0	185	0.0	180	0.0	131	76.0	157	157.0	157	0.0	109	9.0
97	95	0.0	106	0.0	91	0.0	110	0.0	48	1.0	171	0.0	174	0.0	114	2.0	170	0.0	168	0.0	103	60.0	65	55.0	73	7.0	177	0.0	109	1.0	156	1.0	103	1.0	100	2.0	121	1.0	14	93.0	147	60.0	24	2.0	181	1.0	146	1.0	156	0.0	95	0.0	75	12.0	3	4.0	181	0.0	179	0.0	101	71.0	144	157.0	156	0.0	96	9.0
98	94	0.0	105	0.0	90	0.0	109	0.0	43	1.0	170	0.0	173	0.0	109	2.0	169	0.0	166	0.0	142	59.0	172	53.0	14	7.0	176	0.0	106	1.0	153	1.0	101	1.0	98	2.0	111	1.0	102	89.0	131	59.0	173	1.0	166	1.0	136	1.0	154	0.0	94	0.0	65	12.0	165	3.0	180	0.0	178	0.0	38	69.0	47	155.0	153	0.0	183	8.0
99	93	0.0	104	0.0	89	0.0	107	0.0	32	1.0	168	0.0	172	0.0	90	2.0	168	0.0	165	0.0	115	58.0	115	51.0	157	6.0	175	0.0	102	1.0	141	1.0	98	1.0	88	2.0	96	1.0	172	88.0	114	55.0	168	1.0	152	1.0	128	1.0	153	0.0	93	0.0	94	11.0	89	3.0	179	0.0	176	0.0	97	67.0	120	154.0	152	0.0	182	8.0
100	92	0.0	103	0.0	88	0.0	106	0.0	8	1.0	166	0.0	171	0.0	77	2.0	166	0.0	164	0.0	172	56.0	129	48.0	140	6.0	174	0.0	95	1.0	134	1.0	74	1.0	76	2.0	87	1.0	52	84.0	156	52.0	165	1.0	150	1.0	122	1.0	152	0.0	92	0.0	73	11.0	61	3.0	178	0.0	174	0.0	108	66.0	57	147.0	150	0.0	170	7.0
101	91	0.0	101	0.0	87	0.0	105	0.0	184	0.0	165	0.0	169	0.0	67	2.0	165	0.0	163	0.0	179	55.0	5	46.0	136	6.0	173	0.0	88	1.0	130	1.0	64	1.0	67	2.0	80	1.0	169	83.0	95	52.0	157	1.0	141	1.0	115	1.0	150	0.0	91	0.0	38	11.0	11	3.0	176	0.0	173	0.0	90	66.0	115	142.0	149	0.0	156	7.0
102	90	0.0	100	0.0	86	0.0	104	0.0	183	0.0	164	0.0	168	0.0	51	2.0	164	0.0	161	0.0	73	54.0	185	43.0	123	6.0	172	0.0	55	1.0	128	1.0	41	1.0	66	2.0	73	1.0	65	83.0	54	52.0	156	1.0	109	1.0	102	1.0	149	0.0	90	0.0	34	11.0	185	2.0	174	0.0	171	0.0	173	63.0	173	134.0	148	0.0	100	7.0
103	89	0.0	98	0.0	85	0.0	103	0.0	181	0.0	162	0.0	167	0.0	38	2.0	162	0.0	159	0.0	3	54.0	134	43.0	94	6.0	170	0.0	50	1.0	76	1.0	38	1.0	61	2.0	67	1.0	166	78.0	16	45.0	150	1.0	108	1.0	100	1.0	148	0.0	89	0.0	175	10.0	182	2.0	173	0.0	170	0.0	169	62.0	97	134.0	147	0.0	67	7.0
104	88	0.0	97	0.0	84	0.0	101	0.0	180	0.0	161	0.0	166	0.0	177	1.0	158	0.0	158	0.0	5	52.0	64	43.0	171	5.0	169	0.0	34	1.0	73	1.0	17	1.0	60	2.0	65	1.0	164	76.0	102	44.0	147	1.0	96	1.0	84	1.0	147	0.0	88	0.0	142	10.0	127	2.0	172	0.0	169	0.0	8	62.0	49	131.0	145	0.0	41	7.0
105	87	0.0	96	0.0	83	0.0	100	0.0	178	0.0	159	0.0	165	0.0	159	1.0	156	0.0	156	0.0	117	49.0	112	42.0	139	5.0	165	0.0	12	1.0	37	1.0	14	1.0	52	2.0	39	1.0	165	75.0	130	42.0	135	1.0	87	1.0	52	1.0	146	0.0	87	0.0	111	10.0	104	2.0	170	0.0	167	0.0	129	60.0	121	120.0	144	0.0	160	6.0
106	86	0.0	94	0.0	82	0.0	98	0.0	177	0.0	158	0.0	164	0.0	149	1.0	154	0.0	154	0.0	64	44.0	60	38.0	115	5.0	164	0.0	185	0.0	33	1.0	181	0.0	47	2.0	30	1.0	18	75.0	18	39.0	84	1.0	73	1.0	39	1.0	144	0.0	86	0.0	60	10.0	90	2.0	169	0.0	165	0.0	166	52.0	37	116.0	143	0.0	133	6.0
107	85	0.0	93	0.0	81	0.0	97	0.0	176	0.0	157	0.0	162	0.0	146	1.0	151	0.0	152	0.0	185	41.0	150	37.0	109	5.0	162	0.0	184	0.0	28	1.0	180	0.0	11	2.0	183	0.0	150	74.0	175	37.0	67	1.0	64	1.0	33	1.0	142	0.0	85	0.0	57	10.0	177	1.0	167	0.0	164	0.0	57	52.0	113	108.0	142	0.0	97	6.0
108	84	0.0	91	0.0	80	0.0	96	0.0	174	0.0	154	0.0	159	0.0	144	1.0	150	0.0	150	0.0	138	40.0	138	37.0	63	5.0	161	0.0	181	0.0	184	0.0	178	0.0	127	1.0	182	0.0	80	73.0	166	37.0	66	1.0	58	1.0	24	1.0	141	0.0	84	0.0	67	9.0	171	1.0	166	0.0	161	0.0	40	52.0	1	105.0	141	0.0	86	6.0
109	83	0.0	90	0.0	79	0.0	95	0.0	173	0.0	152	0.0	158	0.0	134	1.0	149	0.0	149	0.0	110	37.0	142	36.0	50	5.0	159	0.0	180	0.0	181	0.0	177	0.0	118	1.0	181	0.0	151	71.0	164	37.0	60	1.0	41	1.0	9	1.0	140	0.0	83	0.0	56	9.0	153	1.0	165	0.0	158	0.0	168	51.0	4	94.0	140	0.0	76	6.0
110	82	0.0	89	0.0	78	0.0	94	0.0	171	0.0	150	0.0	157	0.0	128	1.0	148	0.0	147	0.0	12	37.0	98	35.0	33	5.0	158	0.0	178	0.0	180	0.0	175	0.0	108	1.0	180	0.0	88	67.0	65	35.0	58	1.0	184	0.0	185	0.0	139	0.0	82	0.0	124	8.0	146	1.0	164	0.0	157	0.0	113	50.0	183	91.0	139	0.0	36	6.0
111	81	0.0	88	0.0	77	0.0	93	0.0	170	0.0	149	0.0	156	0.0	113	1.0	147	0.0	146	0.0	174	36.0	24	35.0	169	4.0	157	0.0	177	0.0	178	0.0	174	0.0	99	1.0	178	0.0	99	64.0	31	34.0	48	1.0	180	0.0	184	0.0	138	0.0	81	0.0	109	8.0	133	1.0	161	0.0	156	0.0	95	50.0	14	88.0	138	0.0	176	5.0
112	80	0.0	87	0.0	76	0.0	92	0.0	169	0.0	148	0.0	155	0.0	110	1.0	146	0.0	141	0.0	151	36.0	3	35.0	112	4.0	156	0.0	176	0.0	177	0.0	171	0.0	94	1.0	177	0.0	130	63.0	179	30.0	34	1.0	178	0.0	180	0.0	136	0.0	80	0.0	61	8.0	129	1.0	158	0.0	154	0.0	160	45.0	168	82.0	136	0.0	172	5.0
113	79	0.0	86	0.0	75	0.0	91	0.0	168	0.0	147	0.0	151	0.0	106	1.0	144	0.0	140	0.0	149	36.0	16	34.0	179	3.0	155	0.0	175	0.0	176	0.0	170	0.0	74	1.0	176	0.0	16	62.0	57	29.0	25	1.0	177	0.0	178	0.0	135	0.0	79	0.0	157	7.0	115	1.0	157	0.0	152	0.0	120	41.0	142	82.0	135	0.0	56	5.0
114	78	0.0	85	0.0	74	0.0	90	0.0	166	0.0	144	0.0	150	0.0	96	1.0	143	0.0	139	0.0	92	35.0	40	33.0	165	3.0	153	0.0	174	0.0	175	0.0	166	0.0	72	1.0	175	0.0	143	60.0	52	28.0	16	1.0	176	0.0	177	0.0	134	0.0	78	0.0	95	7.0	101	1.0	156	0.0	150	0.0	81	36.0	182	79.0	134	0.0	34	5.0
115	77	0.0	84	0.0	73	0.0	89	0.0	165	0.0	143	0.0	148	0.0	93	1.0	141	0.0	138	0.0	157	34.0	12	32.0	121	3.0	150	0.0	173	0.0	174	0.0	165	0.0	69	1.0	174	0.0	175	56.0	99	27.0	184	0.0	174	0.0	176	0.0	131	0.0	77	0.0	37	7.0	91	1.0	154	0.0	149	0.0	128	32.0	160	75.0	131	0.0	136	4.0
116	76	0.0	83	0.0	72	0.0	88	0.0	164	0.0	141	0.0	147	0.0	82	1.0	140	0.0	135	0.0	14	33.0	83	29.0	79	3.0	149	0.0	171	0.0	173	0.0	164	0.0	42	1.0	173	0.0	171	56.0	40	27.0	183	0.0	173	0.0	175	0.0	129	0.0	76	0.0	172	6.0	86	1.0	153	0.0	148	0.0	112	32.0	147	74.0	130	0.0	81	4.0
117	75	0.0	82	0.0	71	0.0	87	0.0	161	0.0	140	0.0	144	0.0	72	1.0	139	0.0	134	0.0	129	32.0	165	28.0	37	3.0	147	0.0	170	0.0	170	0.0	159	0.0	35	1.0	171	0.0	114	56.0	1	23.0	180	0.0	171	0.0	174	0.0	128	0.0	75	0.0	165	6.0	38	1.0	150	0.0	146	0.0	172	29.0	11	74.0	129	0.0	33	4.0
118	74	0.0	81	0.0	70	0.0	86	0.0	158	0.0	139	0.0	143	0.0	64	1.0	136	0.0	131	0.0	165	28.0	151	25.0	16	3.0	146	0.0	169	0.0	166	0.0	158	0.0	15	1.0	170	0.0	168	52.0	185	22.0	179	0.0	170	0.0	170	0.0	126	0.0	74	0.0	88	6.0	37	1.0	149	0.0	144	0.0	182	28.0	127	73.0	128	0.0	30	4.0
119	73	0.0	80	0.0	69	0.0	85	0.0	156	0.0	138	0.0	140	0.0	24	1.0	135	0.0	129	0.0	16	28.0	135	25.0	182	2.0	144	0.0	165	0.0	165	0.0	157	0.0	182	0.0	168	0.0	40	45.0	109	22.0	178	0.0	169	0.0	169	0.0	125	0.0	73	0.0	185	5.0	36	1.0	148	0.0	143	0.0	55	26.0	103	59.0	126	0.0	3	4.0
120	72	0.0	79	0.0	68	0.0	84	0.0	154	0.0	137	0.0	137	0.0	15	1.0	134	0.0	128	0.0	161	26.0	179	23.0	173	2.0	143	0.0	164	0.0	161	0.0	155	0.0	181	0.0	166	0.0	182	44.0	160	21.0	177	0.0	168	0.0	168	0.0	124	0.0	72	0.0	184	5.0	28	1.0	147	0.0	141	0.0	103	24.0	152	56.0	125	0.0	139	3.0
121	71	0.0	78	0.0	67	0.0	83	0.0	150	0.0	136	0.0	136	0.0	9	1.0	133	0.0	127	0.0	141	26.0	173	23.0	168	2.0	138	0.0	161	0.0	158	0.0	154	0.0	180	0.0	165	0.0	147	42.0	162	20.0	176	0.0	165	0.0	166	0.0	123	0.0	71	0.0	117	5.0	24	1.0	146	0.0	139	0.0	151	23.0	119	56.0	124	0.0	121	3.0
122	70	0.0	77	0.0	66	0.0	82	0.0	149	0.0	135	0.0	134	0.0	185	0.0	131	0.0	126	0.0	83	26.0	136	23.0	92	2.0	137	0.0	158	0.0	155	0.0	153	0.0	178	0.0	161	0.0	131	42.0	135	19.0	175	0.0	164	0.0	164	0.0	121	0.0	70	0.0	112	5.0	184	0.0	144	0.0	138	0.0	37	22.0	81	56.0	123	0.0	112	3.0
123	69	0.0	76	0.0	65	0.0	81	0.0	148	0.0	134	0.0	131	0.0	184	0.0	129	0.0	125	0.0	45	25.0	103	21.0	82	2.0	135	0.0	157	0.0	150	0.0	150	0.0	177	0.0	160	0.0	152	38.0	78	19.0	174	0.0	161	0.0	161	0.0	119	0.0	69	0.0	22	5.0	183	0.0	143	0.0	136	0.0	183	21.0	169	55.0	121	0.0	83	3.0
124	68	0.0	75	0.0	64	0.0	80	0.0	147	0.0	131	0.0	130	0.0	180	0.0	128	0.0	124	0.0	60	24.0	59	18.0	148	1.0	134	0.0	153	0.0	149	0.0	149	0.0	176	0.0	159	0.0	100	38.0	182	18.0	171	0.0	159	0.0	159	0.0	118	0.0	68	0.0	16	5.0	181	0.0	141	0.0	134	0.0	116	21.0	172	53.0	119	0.0	72	3.0
125	67	0.0	74	0.0	63	0.0	79	0.0	144	0.0	129	0.0	129	0.0	178	0.0	127	0.0	123	0.0	24	24.0	184	17.0	108	1.0	133	0.0	152	0.0	148	0.0	148	0.0	175	0.0	158	0.0	57	36.0	88	17.0	170	0.0	158	0.0	158	0.0	117	0.0	67	0.0	152	4.0	180	0.0	140	0.0	133	0.0	96	21.0	128	52.0	118	0.0	178	2.0
126	66	0.0	73	0.0	62	0.0	78	0.0	143	0.0	126	0.0	127	0.0	176	0.0	126	0.0	122	0.0	170	23.0	174	17.0	74	1.0	131	0.0	150	0.0	147	0.0	147	0.0	174	0.0	154	0.0	1	36.0	74	17.0	169	0.0	156	0.0	156	0.0	116	0.0	66	0.0	90	4.0	178	0.0	139	0.0	131	0.0	14	21.0	3	50.0	116	0.0	166	2.0
127	65	0.0	72	0.0	61	0.0	77	0.0	142	0.0	125	0.0	126	0.0	174	0.0	125	0.0	121	0.0	173	22.0	88	17.0	72	1.0	130	0.0	149	0.0	146	0.0	146	0.0	171	0.0	153	0.0	176	34.0	61	17.0	166	0.0	149	0.0	155	0.0	115	0.0	65	0.0	89	4.0	176	0.0	136	0.0	129	0.0	5	21.0	126	46.0	115	0.0	144	2.0
128	64	0.0	71	0.0	60	0.0	74	0.0	141	0.0	124	0.0	125	0.0	173	0.0	124	0.0	118	0.0	136	21.0	176	16.0	52	1.0	129	0.0	148	0.0	144	0.0	144	0.0	170	0.0	150	0.0	59	33.0	125	16.0	164	0.0	147	0.0	153	0.0	114	0.0	64	0.0	83	4.0	175	0.0	135	0.0	127	0.0	132	20.0	18	46.0	113	0.0	131	2.0
129	63	0.0	70	0.0	59	0.0	72	0.0	140	0.0	123	0.0	124	0.0	170	0.0	123	0.0	117	0.0	135	20.0	78	16.0	38	1.0	128	0.0	147	0.0	140	0.0	140	0.0	169	0.0	147	0.0	4	28.0	176	15.0	161	0.0	145	0.0	152	0.0	113	0.0	63	0.0	182	3.0	174	0.0	134	0.0	126	0.0	121	20.0	117	44.0	112	0.0	128	2.0
130	62	0.0	68	0.0	58	0.0	71	0.0	139	0.0	122	0.0	123	0.0	169	0.0	121	0.0	116	0.0	134	19.0	0	16.0	25	1.0	127	0.0	144	0.0	139	0.0	139	0.0	168	0.0	146	0.0	181	26.0	165	11.0	159	0.0	144	0.0	150	0.0	112	0.0	62	0.0	176	3.0	173	0.0	131	0.0	125	0.0	117	19.0	5	44.0	110	0.0	115	2.0
131	61	0.0	67	0.0	57	0.0	70	0.0	138	0.0	121	0.0	122	0.0	165	0.0	118	0.0	115	0.0	59	19.0	141	15.0	24	1.0	126	0.0	142	0.0	138	0.0	138	0.0	167	0.0	144	0.0	135	26.0	181	10.0	158	0.0	140	0.0	149	0.0	109	0.0	61	0.0	141	3.0	170	0.0	129	0.0	124	0.0	142	16.0	151	42.0	109	0.0	103	2.0
132	60	0.0	66	0.0	56	0.0	69	0.0	136	0.0	118	0.0	121	0.0	164	0.0	116	0.0	114	0.0	40	19.0	92	15.0	3	1.0	125	0.0	140	0.0	136	0.0	136	0.0	166	0.0	143	0.0	162	25.0	119	10.0	155	0.0	139	0.0	148	0.0	107	0.0	60	0.0	93	3.0	169	0.0	128	0.0	123	0.0	18	15.0	40	40.0	108	0.0	95	2.0
133	59	0.0	65	0.0	55	0.0	68	0.0	134	0.0	115	0.0	120	0.0	160	0.0	115	0.0	113	0.0	96	17.0	89	15.0	184	0.0	124	0.0	139	0.0	135	0.0	135	0.0	164	0.0	141	0.0	17	25.0	144	9.0	152	0.0	136	0.0	147	0.0	106	0.0	59	0.0	87	3.0	168	0.0	126	0.0	122	0.0	4	15.0	96	39.0	107	0.0	91	2.0
134	58	0.0	64	0.0	54	0.0	67	0.0	133	0.0	114	0.0	119	0.0	158	0.0	114	0.0	112	0.0	167	16.0	82	15.0	181	0.0	123	0.0	138	0.0	133	0.0	134	0.0	160	0.0	139	0.0	160	24.0	37	9.0	144	0.0	134	0.0	144	0.0	105	0.0	58	0.0	74	3.0	166	0.0	125	0.0	121	0.0	66	14.0	106	36.0	106	0.0	52	2.0
135	57	0.0	63	0.0	53	0.0	66	0.0	131	0.0	113	0.0	118	0.0	157	0.0	113	0.0	110	0.0	123	15.0	154	14.0	180	0.0	122	0.0	136	0.0	131	0.0	131	0.0	159	0.0	138	0.0	74	21.0	56	7.0	141	0.0	131	0.0	141	0.0	104	0.0	57	0.0	148	2.0	164	0.0	124	0.0	120	0.0	152	11.0	108	29.0	105	0.0	35	2.0
136	56	0.0	62	0.0	52	0.0	65	0.0	129	0.0	112	0.0	116	0.0	156	0.0	109	0.0	109	0.0	162	14.0	14	14.0	178	0.0	121	0.0	135	0.0	129	0.0	129	0.0	158	0.0	131	0.0	60	21.0	50	7.0	140	0.0	129	0.0	140	0.0	103	0.0	56	0.0	128	2.0	158	0.0	123	0.0	117	0.0	106	11.0	112	28.0	104	0.0	181	1.0
137	55	0.0	61	0.0	51	0.0	64	0.0	126	0.0	109	0.0	115	0.0	151	0.0	108	0.0	107	0.0	184	12.0	123	12.0	177	0.0	116	0.0	134	0.0	126	0.0	126	0.0	155	0.0	129	0.0	94	18.0	167	6.0	139	0.0	126	0.0	138	0.0	101	0.0	55	0.0	92	2.0	156	0.0	122	0.0	115	0.0	47	11.0	132	25.0	102	0.0	173	1.0
138	54	0.0	60	0.0	50	0.0	63	0.0	125	0.0	107	0.0	114	0.0	150	0.0	107	0.0	105	0.0	79	12.0	96	11.0	175	0.0	114	0.0	131	0.0	125	0.0	125	0.0	154	0.0	126	0.0	78	17.0	154	6.0	138	0.0	125	0.0	135	0.0	100	0.0	54	0.0	72	2.0	155	0.0	121	0.0	113	0.0	126	10.0	181	18.0	99	0.0	122	1.0
139	53	0.0	59	0.0	49	0.0	62	0.0	124	0.0	105	0.0	112	0.0	147	0.0	105	0.0	104	0.0	42	12.0	162	10.0	174	0.0	113	0.0	130	0.0	124	0.0	124	0.0	152	0.0	125	0.0	125	15.0	153	5.0	136	0.0	124	0.0	134	0.0	99	0.0	53	0.0	42	2.0	150	0.0	120	0.0	112	0.0	59	10.0	76	18.0	98	0.0	114	1.0
140	52	0.0	58	0.0	48	0.0	61	0.0	123	0.0	104	0.0	108	0.0	143	0.0	104	0.0	103	0.0	88	11.0	161	10.0	167	0.0	112	0.0	126	0.0	118	0.0	123	0.0	150	0.0	124	0.0	155	14.0	180	4.0	134	0.0	123	0.0	131	0.0	96	0.0	52	0.0	36	2.0	149	0.0	119	0.0	110	0.0	145	8.0	66	18.0	97	0.0	106	1.0
141	51	0.0	56	0.0	47	0.0	60	0.0	122	0.0	103	0.0	107	0.0	140	0.0	103	0.0	99	0.0	0	11.0	71	10.0	164	0.0	111	0.0	125	0.0	116	0.0	122	0.0	149	0.0	123	0.0	92	10.0	124	4.0	133	0.0	122	0.0	130	0.0	95	0.0	51	0.0	170	1.0	148	0.0	116	0.0	108	0.0	50	8.0	145	16.0	96	0.0	85	1.0
142	50	0.0	55	0.0	46	0.0	59	0.0	121	0.0	100	0.0	106	0.0	138	0.0	95	0.0	95	0.0	159	10.0	164	9.0	158	0.0	108	0.0	124	0.0	115	0.0	121	0.0	148	0.0	122	0.0	56	10.0	122	4.0	131	0.0	121	0.0	129	0.0	94	0.0	50	0.0	168	1.0	147	0.0	115	0.0	107	0.0	156	6.0	156	13.0	95	0.0	79	1.0
143	49	0.0	54	0.0	44	0.0	58	0.0	119	0.0	99	0.0	105	0.0	137	0.0	93	0.0	94	0.0	154	10.0	157	9.0	155	0.0	107	0.0	123	0.0	112	0.0	120	0.0	147	0.0	118	0.0	37	10.0	152	3.0	129	0.0	120	0.0	126	0.0	93	0.0	49	0.0	155	1.0	145	0.0	113	0.0	105	0.0	12	6.0	148	13.0	93	0.0	43	1.0
144	48	0.0	53	0.0	43	0.0	56	0.0	115	0.0	98	0.0	104	0.0	136	0.0	92	0.0	93	0.0	71	10.0	120	8.0	150	0.0	105	0.0	122	0.0	111	0.0	118	0.0	146	0.0	117	0.0	167	9.0	134	3.0	126	0.0	118	0.0	125	0.0	92	0.0	48	0.0	136	1.0	144	0.0	112	0.0	104	0.0	135	5.0	50	13.0	91	0.0	38	1.0
145	47	0.0	52	0.0	42	0.0	55	0.0	113	0.0	96	0.0	103	0.0	135	0.0	91	0.0	92	0.0	176	9.0	50	8.0	149	0.0	104	0.0	121	0.0	107	0.0	116	0.0	144	0.0	115	0.0	185	8.0	80	3.0	125	0.0	112	0.0	124	0.0	91	0.0	47	0.0	121	1.0	141	0.0	110	0.0	99	0.0	127	5.0	116	8.0	89	0.0	185	0.0
146	46	0.0	51	0.0	41	0.0	54	0.0	112	0.0	93	0.0	98	0.0	130	0.0	90	0.0	91	0.0	89	9.0	45	8.0	147	0.0	103	0.0	120	0.0	105	0.0	110	0.0	141	0.0	113	0.0	119	8.0	171	2.0	124	0.0	107	0.0	123	0.0	90	0.0	46	0.0	98	1.0	140	0.0	109	0.0	98	0.0	124	5.0	104	8.0	87	0.0	184	0.0
147	45	0.0	50	0.0	40	0.0	53	0.0	108	0.0	91	0.0	97	0.0	129	0.0	89	0.0	90	0.0	50	9.0	167	7.0	144	0.0	101	0.0	118	0.0	104	0.0	109	0.0	140	0.0	112	0.0	154	7.0	170	2.0	123	0.0	105	0.0	121	0.0	87	0.0	45	0.0	97	1.0	139	0.0	108	0.0	93	0.0	39	5.0	162	7.0	86	0.0	180	0.0
148	44	0.0	49	0.0	39	0.0	52	0.0	107	0.0	89	0.0	95	0.0	126	0.0	87	0.0	88	0.0	126	8.0	125	7.0	141	0.0	99	0.0	116	0.0	103	0.0	108	0.0	137	0.0	107	0.0	180	6.0	149	2.0	121	0.0	104	0.0	119	0.0	86	0.0	44	0.0	77	1.0	134	0.0	105	0.0	92	0.0	9	4.0	130	6.0	84	0.0	175	0.0
149	43	0.0	48	0.0	38	0.0	51	0.0	105	0.0	86	0.0	94	0.0	125	0.0	86	0.0	86	0.0	164	6.0	170	6.0	138	0.0	96	0.0	115	0.0	98	0.0	107	0.0	136	0.0	106	0.0	103	6.0	103	2.0	120	0.0	99	0.0	118	0.0	83	0.0	43	0.0	180	0.0	131	0.0	104	0.0	91	0.0	98	3.0	92	6.0	83	0.0	174	0.0
150	42	0.0	47	0.0	37	0.0	50	0.0	104	0.0	85	0.0	93	0.0	124	0.0	85	0.0	85	0.0	101	5.0	79	6.0	135	0.0	93	0.0	110	0.0	97	0.0	105	0.0	134	0.0	105	0.0	101	5.0	101	2.0	119	0.0	95	0.0	113	0.0	82	0.0	42	0.0	179	0.0	128	0.0	103	0.0	90	0.0	11	3.0	63	6.0	82	0.0	171	0.0
151	41	0.0	46	0.0	36	0.0	49	0.0	103	0.0	84	0.0	91	0.0	123	0.0	84	0.0	84	0.0	70	4.0	153	5.0	134	0.0	91	0.0	108	0.0	96	0.0	104	0.0	131	0.0	104	0.0	124	4.0	94	2.0	118	0.0	93	0.0	112	0.0	81	0.0	41	0.0	178	0.0	126	0.0	99	0.0	89	0.0	167	2.0	59	6.0	81	0.0	169	0.0
152	40	0.0	45	0.0	35	0.0	46	0.0	100	0.0	83	0.0	90	0.0	122	0.0	83	0.0	83	0.0	82	3.0	137	5.0	131	0.0	90	0.0	107	0.0	93	0.0	99	0.0	129	0.0	101	0.0	79	4.0	92	2.0	110	0.0	92	0.0	109	0.0	79	0.0	40	0.0	174	0.0	125	0.0	98	0.0	86	0.0	162	2.0	25	6.0	78	0.0	164	0.0
153	39	0.0	43	0.0	34	0.0	45	0.0	98	0.0	82	0.0	89	0.0	121	0.0	82	0.0	82	0.0	77	3.0	126	5.0	129	0.0	89	0.0	105	0.0	92	0.0	95	0.0	128	0.0	95	0.0	153	3.0	60	2.0	109	0.0	91	0.0	107	0.0	78	0.0	39	0.0	173	0.0	123	0.0	91	0.0	85	0.0	148	2.0	12	5.0	77	0.0	159	0.0
154	38	0.0	42	0.0	33	0.0	43	0.0	93	0.0	78	0.0	86	0.0	118	0.0	79	0.0	78	0.0	62	3.0	159	4.0	126	0.0	86	0.0	104	0.0	91	0.0	93	0.0	125	0.0	93	0.0	107	3.0	59	2.0	107	0.0	90	0.0	106	0.0	77	0.0	38	0.0	169	0.0	121	0.0	89	0.0	84	0.0	138	2.0	7	5.0	76	0.0	158	0.0
155	37	0.0	39	0.0	32	0.0	42	0.0	91	0.0	77	0.0	85	0.0	115	0.0	78	0.0	77	0.0	58	3.0	70	4.0	125	0.0	85	0.0	103	0.0	90	0.0	92	0.0	124	0.0	91	0.0	177	2.0	7	2.0	105	0.0	85	0.0	105	0.0	76	0.0	37	0.0	166	0.0	118	0.0	87	0.0	82	0.0	104	2.0	167	3.0	75	0.0	152	0.0
156	36	0.0	37	0.0	31	0.0	41	0.0	89	0.0	75	0.0	82	0.0	108	0.0	76	0.0	76	0.0	35	3.0	42	4.0	124	0.0	84	0.0	99	0.0	86	0.0	91	0.0	123	0.0	86	0.0	50	2.0	100	1.0	104	0.0	84	0.0	104	0.0	75	0.0	36	0.0	162	0.0	114	0.0	86	0.0	78	0.0	7	2.0	177	2.0	74	0.0	150	0.0
157	35	0.0	36	0.0	30	0.0	40	0.0	86	0.0	74	0.0	81	0.0	107	0.0	74	0.0	74	0.0	29	3.0	29	4.0	122	0.0	83	0.0	98	0.0	85	0.0	89	0.0	122	0.0	85	0.0	91	1.0	62	1.0	103	0.0	83	0.0	99	0.0	74	0.0	35	0.0	159	0.0	112	0.0	84	0.0	77	0.0	179	1.0	136	2.0	72	0.0	148	0.0
158	34	0.0	35	0.0	29	0.0	39	0.0	85	0.0	73	0.0	79	0.0	105	0.0	73	0.0	73	0.0	153	2.0	180	3.0	119	0.0	82	0.0	93	0.0	84	0.0	86	0.0	116	0.0	83	0.0	183	0.0	28	1.0	100	0.0	82	0.0	98	0.0	72	0.0	34	0.0	158	0.0	111	0.0	82	0.0	76	0.0	130	1.0	124	2.0	71	0.0	147	0.0
159	33	0.0	34	0.0	28	0.0	38	0.0	84	0.0	72	0.0	76	0.0	104	0.0	72	0.0	72	0.0	22	2.0	62	3.0	118	0.0	79	0.0	91	0.0	83	0.0	85	0.0	114	0.0	82	0.0	178	0.0	22	1.0	99	0.0	81	0.0	93	0.0	71	0.0	33	0.0	150	0.0	109	0.0	78	0.0	74	0.0	105	1.0	184	1.0	70	0.0	143	0.0
160	32	0.0	33	0.0	27	0.0	37	0.0	83	0.0	71	0.0	74	0.0	98	0.0	71	0.0	71	0.0	137	1.0	143	2.0	113	0.0	78	0.0	89	0.0	82	0.0	84	0.0	113	0.0	79	0.0	174	0.0	17	1.0	98	0.0	78	0.0	92	0.0	70	0.0	32	0.0	149	0.0	107	0.0	77	0.0	73	0.0	92	1.0	179	1.0	68	0.0	141	0.0
161	31	0.0	31	0.0	26	0.0	35	0.0	82	0.0	70	0.0	72	0.0	95	0.0	70	0.0	68	0.0	91	1.0	101	2.0	111	0.0	77	0.0	86	0.0	81	0.0	83	0.0	112	0.0	78	0.0	170	0.0	4	1.0	95	0.0	77	0.0	91	0.0	68	0.0	31	0.0	147	0.0	106	0.0	74	0.0	72	0.0	76	1.0	159	1.0	67	0.0	140	0.0
162	30	0.0	29	0.0	25	0.0	34	0.0	81	0.0	69	0.0	71	0.0	91	0.0	69	0.0	67	0.0	78	1.0	58	2.0	107	0.0	74	0.0	85	0.0	79	0.0	82	0.0	111	0.0	77	0.0	159	0.0	3	1.0	93	0.0	76	0.0	86	0.0	67	0.0	30	0.0	144	0.0	105	0.0	73	0.0	71	0.0	184	0.0	138	1.0	66	0.0	134	0.0
163	29	0.0	28	0.0	24	0.0	33	0.0	78	0.0	68	0.0	70	0.0	89	0.0	68	0.0	64	0.0	39	1.0	39	2.0	105	0.0	73	0.0	84	0.0	78	0.0	77	0.0	104	0.0	76	0.0	158	0.0	183	0.0	92	0.0	74	0.0	85	0.0	66	0.0	29	0.0	143	0.0	96	0.0	72	0.0	70	0.0	181	0.0	135	1.0	61	0.0	127	0.0
164	28	0.0	27	0.0	23	0.0	32	0.0	77	0.0	67	0.0	66	0.0	86	0.0	67	0.0	61	0.0	9	1.0	34	2.0	104	0.0	72	0.0	83	0.0	77	0.0	72	0.0	97	0.0	74	0.0	149	0.0	178	0.0	89	0.0	72	0.0	83	0.0	61	0.0	28	0.0	138	0.0	95	0.0	71	0.0	68	0.0	177	0.0	111	1.0	58	0.0	125	0.0
165	27	0.0	26	0.0	22	0.0	29	0.0	75	0.0	66	0.0	61	0.0	85	0.0	66	0.0	59	0.0	7	1.0	25	2.0	93	0.0	71	0.0	78	0.0	72	0.0	71	0.0	95	0.0	72	0.0	144	0.0	177	0.0	86	0.0	71	0.0	82	0.0	60	0.0	27	0.0	134	0.0	93	0.0	70	0.0	67	0.0	175	0.0	98	1.0	56	0.0	124	0.0
166	25	0.0	25	0.0	21	0.0	28	0.0	74	0.0	64	0.0	59	0.0	84	0.0	61	0.0	58	0.0	180	0.0	9	2.0	91	0.0	70	0.0	74	0.0	71	0.0	67	0.0	93	0.0	71	0.0	134	0.0	174	0.0	85	0.0	70	0.0	81	0.0	56	0.0	26	0.0	129	0.0	92	0.0	68	0.0	66	0.0	159	0.0	79	1.0	54	0.0	123	0.0
167	24	0.0	24	0.0	20	0.0	27	0.0	73	0.0	61	0.0	57	0.0	79	0.0	58	0.0	56	0.0	178	0.0	175	1.0	85	0.0	68	0.0	73	0.0	70	0.0	66	0.0	91	0.0	70	0.0	123	0.0	159	0.0	83	0.0	68	0.0	78	0.0	55	0.0	25	0.0	125	0.0	87	0.0	67	0.0	64	0.0	155	0.0	58	1.0	53	0.0	118	0.0
168	23	0.0	22	0.0	19	0.0	26	0.0	72	0.0	58	0.0	52	0.0	78	0.0	55	0.0	55	0.0	175	0.0	22	1.0	84	0.0	67	0.0	72	0.0	68	0.0	58	0.0	90	0.0	68	0.0	122	0.0	158	0.0	82	0.0	61	0.0	77	0.0	54	0.0	24	0.0	123	0.0	85	0.0	66	0.0	61	0.0	143	0.0	39	1.0	52	0.0	107	0.0
169	22	0.0	21	0.0	18	0.0	25	0.0	70	0.0	55	0.0	47	0.0	76	0.0	53	0.0	52	0.0	158	0.0	7	1.0	83	0.0	66	0.0	71	0.0	67	0.0	55	0.0	85	0.0	64	0.0	111	0.0	155	0.0	79	0.0	55	0.0	74	0.0	52	0.0	23	0.0	122	0.0	84	0.0	64	0.0	60	0.0	141	0.0	15	1.0	51	0.0	105	0.0
170	21	0.0	20	0.0	17	0.0	24	0.0	68	0.0	52	0.0	46	0.0	75	0.0	52	0.0	47	0.0	155	0.0	178	0.0	81	0.0	64	0.0	68	0.0	64	0.0	52	0.0	84	0.0	61	0.0	105	0.0	123	0.0	77	0.0	52	0.0	72	0.0	47	0.0	22	0.0	118	0.0	82	0.0	61	0.0	55	0.0	140	0.0	175	0.0	46	0.0	104	0.0
171	20	0.0	19	0.0	16	0.0	22	0.0	67	0.0	51	0.0	43	0.0	74	0.0	47	0.0	46	0.0	143	0.0	158	0.0	71	0.0	61	0.0	64	0.0	61	0.0	50	0.0	82	0.0	58	0.0	93	0.0	111	0.0	76	0.0	47	0.0	71	0.0	46	0.0	21	0.0	116	0.0	78	0.0	55	0.0	46	0.0	136	0.0	155	0.0	45	0.0	93	0.0
172	19	0.0	18	0.0	15	0.0	21	0.0	64	0.0	46	0.0	42	0.0	73	0.0	46	0.0	45	0.0	140	0.0	155	0.0	70	0.0	58	0.0	61	0.0	55	0.0	46	0.0	79	0.0	56	0.0	83	0.0	107	0.0	74	0.0	46	0.0	70	0.0	45	0.0	19	0.0	115	0.0	77	0.0	46	0.0	43	0.0	118	0.0	143	0.0	43	0.0	82	0.0
173	18	0.0	17	0.0	14	0.0	20	0.0	61	0.0	43	0.0	39	0.0	71	0.0	43	0.0	43	0.0	125	0.0	140	0.0	68	0.0	55	0.0	58	0.0	52	0.0	43	0.0	78	0.0	55	0.0	72	0.0	105	0.0	73	0.0	43	0.0	68	0.0	43	0.0	18	0.0	107	0.0	74	0.0	43	0.0	42	0.0	111	0.0	141	0.0	38	0.0	78	0.0
174	17	0.0	16	0.0	13	0.0	19	0.0	60	0.0	42	0.0	38	0.0	70	0.0	42	0.0	42	0.0	122	0.0	122	0.0	66	0.0	46	0.0	52	0.0	48	0.0	42	0.0	77	0.0	54	0.0	68	0.0	93	0.0	71	0.0	42	0.0	67	0.0	42	0.0	17	0.0	105	0.0	72	0.0	42	0.0	41	0.0	82	0.0	140	0.0	36	0.0	77	0.0
175	16	0.0	15	0.0	12	0.0	18	0.0	58	0.0	38	0.0	37	0.0	66	0.0	38	0.0	41	0.0	120	0.0	111	0.0	62	0.0	43	0.0	46	0.0	46	0.0	36	0.0	70	0.0	52	0.0	62	0.0	91	0.0	70	0.0	38	0.0	64	0.0	38	0.0	16	0.0	104	0.0	71	0.0	41	0.0	38	0.0	79	0.0	118	0.0	35	0.0	74	0.0
176	15	0.0	14	0.0	11	0.0	16	0.0	55	0.0	36	0.0	36	0.0	61	0.0	37	0.0	38	0.0	111	0.0	107	0.0	58	0.0	42	0.0	43	0.0	43	0.0	34	0.0	68	0.0	47	0.0	47	0.0	83	0.0	68	0.0	36	0.0	58	0.0	37	0.0	15	0.0	101	0.0	70	0.0	38	0.0	37	0.0	70	0.0	105	0.0	33	0.0	71	0.0
177	14	0.0	10	0.0	10	0.0	14	0.0	42	0.0	34	0.0	35	0.0	58	0.0	35	0.0	37	0.0	107	0.0	105	0.0	46	0.0	38	0.0	42	0.0	42	0.0	33	0.0	62	0.0	46	0.0	46	0.0	79	0.0	64	0.0	35	0.0	46	0.0	33	0.0	14	0.0	85	0.0	68	0.0	37	0.0	36	0.0	62	0.0	82	0.0	31	0.0	70	0.0
178	13	0.0	9	0.0	9	0.0	12	0.0	38	0.0	32	0.0	33	0.0	52	0.0	34	0.0	36	0.0	105	0.0	93	0.0	43	0.0	36	0.0	38	0.0	38	0.0	28	0.0	59	0.0	43	0.0	43	0.0	72	0.0	61	0.0	34	0.0	45	0.0	32	0.0	13	0.0	82	0.0	67	0.0	36	0.0	34	0.0	61	0.0	70	0.0	30	0.0	68	0.0
179	12	0.0	8	0.0	8	0.0	9	0.0	36	0.0	30	0.0	30	0.0	46	0.0	33	0.0	35	0.0	93	0.0	91	0.0	42	0.0	29	0.0	36	0.0	36	0.0	25	0.0	56	0.0	38	0.0	39	0.0	68	0.0	55	0.0	33	0.0	43	0.0	28	0.0	12	0.0	70	0.0	52	0.0	34	0.0	33	0.0	58	0.0	62	0.0	29	0.0	61	0.0
180	11	0.0	7	0.0	7	0.0	7	0.0	34	0.0	28	0.0	29	0.0	43	0.0	32	0.0	34	0.0	72	0.0	77	0.0	39	0.0	28	0.0	28	0.0	34	0.0	24	0.0	39	0.0	34	0.0	35	0.0	47	0.0	47	0.0	30	0.0	38	0.0	25	0.0	11	0.0	68	0.0	46	0.0	33	0.0	32	0.0	46	0.0	61	0.0	25	0.0	46	0.0
181	10	0.0	6	0.0	6	0.0	6	0.0	28	0.0	27	0.0	27	0.0	42	0.0	28	0.0	31	0.0	68	0.0	72	0.0	36	0.0	24	0.0	24	0.0	32	0.0	22	0.0	28	0.0	33	0.0	28	0.0	46	0.0	46	0.0	28	0.0	37	0.0	19	0.0	10	0.0	46	0.0	43	0.0	30	0.0	28	0.0	43	0.0	46	0.0	24	0.0	42	0.0
182	9	0.0	5	0.0	5	0.0	5	0.0	24	0.0	25	0.0	25	0.0	37	0.0	25	0.0	28	0.0	46	0.0	68	0.0	35	0.0	16	0.0	22	0.0	25	0.0	16	0.0	24	0.0	29	0.0	22	0.0	43	0.0	43	0.0	25	0.0	34	0.0	16	0.0	9	0.0	43	0.0	42	0.0	28	0.0	27	0.0	42	0.0	43	0.0	22	0.0	28	0.0
183	8	0.0	4	0.0	4	0.0	3	0.0	18	0.0	24	0.0	24	0.0	36	0.0	24	0.0	27	0.0	43	0.0	46	0.0	15	0.0	15	0.0	19	0.0	24	0.0	15	0.0	22	0.0	28	0.0	15	0.0	39	0.0	42	0.0	24	0.0	28	0.0	15	0.0	8	0.0	39	0.0	30	0.0	25	0.0	25	0.0	35	0.0	42	0.0	19	0.0	25	0.0
184	7	0.0	3	0.0	3	0.0	2	0.0	16	0.0	16	0.0	18	0.0	34	0.0	22	0.0	19	0.0	34	0.0	43	0.0	12	0.0	9	0.0	18	0.0	16	0.0	12	0.0	19	0.0	16	0.0	9	0.0	35	0.0	33	0.0	22	0.0	22	0.0	11	0.0	7	0.0	35	0.0	29	0.0	24	0.0	24	0.0	25	0.0	35	0.0	16	0.0	24	0.0
185	6	0.0	2	0.0	1	0.0	1	0.0	15	0.0	15	0.0	16	0.0	28	0.0	16	0.0	16	0.0	28	0.0	35	0.0	9	0.0	7	0.0	16	0.0	15	0.0	11	0.0	16	0.0	15	0.0	7	0.0	15	0.0	15	0.0	16	0.0	19	0.0	9	0.0	6	0.0	15	0.0	16	0.0	16	0.0	16	0.0	22	0.0	22	0.0	15	0.0	15	0.0
186	4	0.0	0	0.0	0	0.0	0	0.0	12	0.0	8	0.0	15	0.0	16	0.0	15	0.0	15	0.0	25	0.0	28	0.0	7	0.0	3	0.0	15	0.0	9	0.0	8	0.0	9	0.0	9	0.0	3	0.0	9	0.0	8	0.0	15	0.0	15	0.0	3	0.0	5	0.0	9	0.0	15	0.0	11	0.0	15	0.0	15	0.0	9	0.0	9	0.0	9	0.0
