# Rank-abundance table: OTU names and relative OTU abundances ordered by rank for 34 samples
# 1:Rank	2:OTU	3:N14	4:OTU	5:N8	6:OTU	7:N9	8:OTU	9:S1	10:OTU	11:S10	12:OTU	13:S11	14:OTU	15:S12	16:OTU	17:S13	18:OTU	19:S14	20:OTU	21:S15	22:OTU	23:S2	24:OTU	25:S3	26:OTU	27:S4	28:OTU	29:S5	30:OTU	31:S6	32:OTU	33:S7	34:OTU	35:S8	36:OTU	37:S9	38:OTU	39:T1	40:OTU	41:T10	42:OTU	43:T11	44:OTU	45:T12	46:OTU	47:T13	48:OTU	49:T14	50:OTU	51:T15	52:OTU	53:T16	54:OTU	55:T2	56:OTU	57:T3	58:OTU	59:T4	60:OTU	61:T5	62:OTU	63:T6	64:OTU	65:T7	66:OTU	67:T8	68:OTU	69:T9
1	0	0.545454545455	1	0.240816326531	2	0.666666666667	44	0.128205128205	0	0.363239772171	0	0.614658426379	2	0.597106532223	2	0.649010180995	0	0.413260707328	2	0.518722380566	10	0.126276189094	8	0.118041243631	1	0.473517351123	0	0.582838158731	1	0.508836334506	0	0.629706166686	1	0.812828030032	0	0.58560827164	2	0.624618418083	44	0.0613751601939	44	0.0897198944894	0	0.484141200451	0	0.607443509083	1	0.644028169615	0	0.398776643885	2	0.5	0	0.348987115431	2	0.479004045354	2	0.358628492341	2	0.370611300961	16	0.0813996091842	16	0.0720735998643	0	0.612031451357	1	0.524870347189
2	5	0.223776223776	11	0.10612244898	45	0.333333333333	8	0.102564102564	1	0.306819078273	1	0.144408131612	0	0.181582847957	0	0.148602941176	2	0.276408501895	1	0.222733572157	8	0.102699956452	10	0.117244692822	0	0.274410918661	11	0.171607264295	0	0.436759430184	3	0.262782591729	4	0.1219806936	1	0.232043707289	5	0.141930656024	19	0.0471109377612	29	0.0454520985483	2	0.265090566562	2	0.173130136013	0	0.304933946375	1	0.31174775562	1	0.214285714286	2	0.247161494934	0	0.200411860944	1	0.17396486102	6	0.215463724395	27	0.0490555284156	10	0.0495018442362	1	0.180863978485	0	0.195328666684
3	3	0.104895104895	13	0.0938775510204	185	0.0	108	0.0769230769231	4	0.235409665357	2	0.13027514224	1	0.0491639005449	3	0.0590441176471	1	0.213138587088	0	0.169142065215	15	0.0742488024387	15	0.0765826705946	26	0.0518024358896	2	0.0911046945897	13	0.012719863467	1	0.0649040806733	13	0.0232105827673	37	0.0430132403189	0	0.127546354037	24	0.0466094611913	24	0.0392793698075	4	0.0804366960577	1	0.139816587389	2	0.0130330658973	2	0.265289350768	20	0.0714285714286	1	0.0879771006409	1	0.0910245244471	0	0.127599861597	0	0.118668484054	13	0.045554469956	28	0.0487641497435	4	0.0756868311451	4	0.125475819431
4	1	0.0839160839161	30	0.069387755102	184	0.0	13	0.0769230769231	2	0.0643962701756	5	0.0503913081324	6	0.0377445147283	5	0.0401357466063	6	0.021429194491	14	0.0396281672463	18	0.0649586296995	44	0.0579964850615	13	0.0313360670788	1	0.0458199088061	79	0.00902093274355	2	0.00894005374675	39	0.0108616374687	43	0.0348270216401	3	0.0355272066422	33	0.0430016158689	33	0.0375208598755	1	0.0649562223011	14	0.0242766738282	3	0.00692159552015	4	0.00889429828668	4	0.0714285714286	6	0.0622153216727	5	0.0573105317564	9	0.122305398266	12	0.0778741739394	44	0.042297671389	13	0.0413872048162	14	0.0459070279962	2	0.0591612804333
5	2	0.034965034965	23	0.065306122449	183	0.0	10	0.0769230769231	5	0.0114860920465	4	0.0345886318855	3	0.0239243439594	1	0.0241742081448	14	0.0171452940093	3	0.0107732133985	44	0.0558740988049	13	0.0534700534827	19	0.0224983169105	22	0.0333782985318	39	0.00821984605204	4	0.0076629032115	21	0.00667858419735	46	0.0310631406606	6	0.0301345781515	20	0.0412464478743	19	0.0350984227243	3	0.0260967587517	3	0.0149472082661	4	0.00488917630171	6	0.00471241768873	3	0.0714285714286	3	0.0342092289126	12	0.047648892615	7	0.0950696683271	7	0.0638884761726	10	0.0377992183683	31	0.0361300716496	2	0.0312926059429	14	0.013584804435
6	26	0.00699300699301	163	0.0612244897959	182	0.0	23	0.0512820512821	6	0.0029740774049	14	0.00815851738136	12	0.016262708503	11	0.0168042986425	3	0.0117371119532	7	0.0088643673352	13	0.0543862195771	18	0.051421779975	80	0.015521145725	4	0.0224528701546	4	0.00443035770262	6	0.00498443472785	23	0.00342509831963	10	0.0150377277904	1	0.0114326099609	42	0.0292527999108	23	0.0344703834628	6	0.0125465186306	4	0.0092960266174	13	0.00374505219622	29	0.00156040320819	0	0.0714285714286	8	0.0311186984452	4	0.0235639808883	4	0.0396590453489	1	0.05067150729	41	0.0377177984042	27	0.0313223385763	3	0.0173972321312	17	0.0127161944664
7	185	0.0	102	0.0612244897959	181	0.0	15	0.0512820512821	13	0.00287941181111	6	0.00307032467892	5	0.0156572931672	6	0.00923642533937	5	0.00692014693197	6	0.00453677797244	31	0.0417090046935	38	0.0474137386049	143	0.0112124365016	17	0.014671289535	26	0.00393577374525	26	0.00320174543906	57	0.00328208795138	105	0.0104018365604	17	0.00816614997209	29	0.0292527999108	42	0.0340397279693	39	0.0104387035007	17	0.00348600998152	21	0.00340394687285	175	0.00125872525461	185	0.0	25	0.0243121730108	14	0.0151069943105	35	0.0243633188157	22	0.0376418756985	31	0.0336875101775	36	0.0294229872387	6	0.00544422240069	40	0.0102700355108
8	184	0.0	41	0.0530612244898	180	0.0	166	0.025641025641	22	0.00158564869598	175	0.00117906798237	11	0.0148431139225	7	0.00869343891403	4	0.0061835486591	4	0.00303323484036	38	0.0411041757391	31	0.0460987975876	10	0.00897239733154	5	0.0111372479069	2	0.00306502734144	17	0.00271394488741	9	0.00251698248123	4	0.0103395501139	14	0.00260722897291	25	0.0274837020115	20	0.0325503777208	57	0.00743525996387	19	0.00199797694385	26	0.00173395206049	18	0.00114429568601	184	0.0	17	0.02283313343	6	0.0124616423973	6	0.0129890101441	9	0.0166730189081	34	0.0291687021658	41	0.0266757111968	80	0.00513605886857	55	0.00639961168025
9	183	0.0	92	0.0408163265306	179	0.0	149	0.025641025641	80	0.001128098326	62	0.00107619627921	14	0.0101668023632	50	0.00610294117647	9	0.00546633455131	177	0.00210496038491	47	0.025874582668	36	0.0256539935012	17	0.00749127853602	6	0.00534008182923	6	0.00262617115391	29	0.00146340165497	35	0.00235967107615	6	0.00843536446469	25	0.00197175402962	13	0.0270936646793	27	0.0267185845789	14	0.00741209716024	5	0.00175554459501	29	0.0013644212935	137	0.000780201604094	183	0.0	10	0.0184695987461	17	0.00813140480396	3	0.00862821773206	4	0.0132815679485	23	0.0286394723986	34	0.0265315639971	17	0.00496796966924	13	0.00322535319214
10	182	0.0	95	0.0367346938776	178	0.0	113	0.025641025641	57	0.00103343273221	13	0.00103663023953	7	0.00941525229118	39	0.00580882352941	7	0.00514649582756	5	0.00194806892765	36	0.0256326510863	48	0.0194712419871	159	0.00730766876798	13	0.00409146144327	21	0.00161610532549	13	0.00124167413149	117	0.00166607079013	92	0.00632652334852	92	0.00184109563007	32	0.0266757675378	25	0.0236681081663	21	0.00450902577248	101	0.00154655119084	137	0.0013573149326	5	0.000457718274402	182	0.0	54	0.0120236351997	31	0.0076837298648	39	0.00862272555018	3	0.00900510978611	30	0.0247109591272	44	0.0256327638106	10	0.00327773938703	19	0.00282936923588
11	181	0.0	57	0.0367346938776	177	0.0	102	0.025641025641	29	0.000859879143592	155	0.000910018912567	4	0.00747374793846	12	0.00481900452489	17	0.00389621718019	155	0.0018173260466	48	0.0186287317946	52	0.0181057263153	21	0.00665891425424	14	0.00251953756452	11	0.000724461007976	62	0.0011529831221	29	0.00112263139078	13	0.00173512243736	19	0.00137191319531	8	0.0239037164986	32	0.0223761416857	62	0.00398400222363	6	0.00145459409301	59	0.00105884777464	17	0.000447315586348	181	0.0	14	0.0110964760594	7	0.00725233401434	40	0.00544275224218	35	0.00364338731662	21	0.0238764044944	21	0.024920507059	7	0.00291354612181	10	0.0025611220397
12	180	0.0	133	0.0244897959184	176	0.0	99	0.025641025641	49	0.000623215159117	50	0.000720101922118	8	0.00665956869376	4	0.00361990950226	49	0.00204502941547	111	0.00163428601313	20	0.0148787922775	26	0.0162091767711	110	0.0064997857886	80	0.00156077548245	80	0.000369196475219	59	0.000886910093924	26	0.00111548087236	64	0.00146818052392	23	0.0011105963962	10	0.0237226277372	75	0.0223402537279	13	0.00314242035856	40	0.00144623435684	44	0.000859869669341	40	0.000416107522184	180	0.0	5	0.0104195027189	63	0.00504651749595	12	0.00433333150261	13	0.00259042254249	28	0.0234082397004	20	0.024538940942	39	0.00212912985824	167	0.00218429859745
13	179	0.0	69	0.0244897959184	175	0.0	76	0.025641025641	21	0.00056799356274	92	0.000640969842765	177	0.00561574914929	14	0.00317307692308	155	0.0013859678029	175	0.00138587453913	57	0.0136328446315	6	0.0146540061448	59	0.00427198726972	45	0.00141584633051	25	0.000362230503988	19	0.000824826387349	162	0.000908115838398	20	0.00120123861048	12	0.00102151112378	45	0.0193207778459	45	0.0220531500655	5	0.0030574900786	7	0.00138771620368	167	0.000817231503919	155	0.000322483329692	179	0.0	31	0.00892574632632	135	0.00490814524203	22	0.00400380058986	5	0.00243538478434	20	0.019072626608	23	0.0213083478187	50	0.00162486226024	6	0.00207572235138
14	178	0.0	44	0.0204081632653	174	0.0	75	0.025641025641	153	0.000512771966362	49	0.000640969842765	10	0.00315233502432	13	0.00289027149321	20	0.00133750739021	20	0.00135972596292	26	0.0135844583152	20	0.0136045820637	57	0.00390476773364	26	0.00137125274529	7	0.000334366619066	39	0.000674051671382	80	0.000750804433321	50	0.00113895216401	50	0.000968059960327	36	0.018373544325	30	0.0197383767877	7	0.0029107923223	50	0.00121216174418	14	0.000746167894883	143	0.000322483329692	178	0.0	12	0.0079912287802	40	0.00391512083154	13	0.00246049748183	59	0.00218990833393	32	0.0179734570917	32	0.019773604104	40	0.00162486226024	120	0.00201185397134
15	177	0.0	99	0.0163265306122	173	0.0	73	0.025641025641	19	0.000418106372572	39	0.000601403803088	17	0.00292269472454	62	0.0020814479638	62	0.00127935489499	12	0.00109824020082	17	0.0129191464654	57	0.013187341164	49	0.00358651080237	27	0.00100335566729	62	0.000320434676605	44	0.00058536066199	32	0.000457633178405	12	0.00113895216401	18	0.000724560215705	0	0.0182760349919	0	0.0187514579483	50	0.00216958260628	62	0.00117872279951	17	0.000717742451268	13	0.000312080641638	177	0.0	45	0.00770425095107	10	0.0035895390576	5	0.00164216238185	39	0.00168603561992	36	0.0152458882918	26	0.0193666002459	11	0.00157817081598	73	0.0018138619932
16	176	0.0	40	0.0163265306122	172	0.0	57	0.025641025641	17	0.000402328773607	12	0.000522271723734	45	0.00144047097138	49	0.00175904977376	11	0.00114366573946	62	0.000784457286301	11	0.012036096192	11	0.0131746975003	31	0.00342738233674	23	0.000791536137527	32	0.000320434676605	23	0.00058536066199	179	0.000429031104755	26	0.000898704441913	20	0.000706743161221	23	0.018220315373	10	0.0180875307291	22	0.0021000941954	29	0.00109512543784	101	0.000710636090364	49	0.000291275265529	176	0.0	103	0.00658577325808	13	0.00235232831666	59	0.0014719047436	14	0.00164727618039	144	0.0140245888292	33	0.0184254038241	60	0.00134471359468	179	0.00174360677516
17	175	0.0	148	0.0122448979592	171	0.0	48	0.025641025641	79	0.000362884776195	40	0.000506445307863	62	0.00108557232626	111	0.00117647058824	175	0.000949824088702	13	0.000758308710091	32	0.011903033822	17	0.0117206761831	44	0.00318256931269	141	0.00052397462625	44	0.000299536762913	18	0.000487800551658	53	0.000364676439042	49	0.000836417995444	4	0.000623596906959	26	0.0177049088984	70	0.0172621076998	23	0.00158279158109	18	0.00099480860384	88	0.000667997924943	26	0.000197651073037	175	0.0	59	0.00398089757835	47	0.002173258341	111	0.00131812365098	26	0.00146639879587	84	0.0131493242143	64	0.0153219994065	62	0.000924490596343	132	0.00168612523312
18	174	0.0	185	0.00408163265306	170	0.0	47	0.025641025641	40	0.000323440778782	111	0.000498532099928	55	0.00108557232626	17	0.00117081447964	132	0.000881979510938	49	0.000732160133881	52	0.0118909372429	61	0.011113780329	23	0.00293775628863	8	0.000512826229947	59	0.000285604820452	40	0.000399109542266	94	0.000343224883804	44	0.000827519931663	7	0.000605779852475	58	0.0162422689029	58	0.0169391160796	40	0.00131255887213	59	0.00091957097834	117	0.000582721594099	7	0.000197651073037	174	0.0	23	0.0035541100376	8	0.00196976973229	17	0.000928178737567	21	0.00139533982339	26	0.0120501546979	30	0.0149658710307	92	0.000784416263564	50	0.00168612523312
19	173	0.0	142	0.00408163265306	169	0.0	36	0.025641025641	145	0.000307663179817	3	0.000482705684057	49	0.00104381954448	23	0.00106900452489	119	0.000823827015711	9	0.000732160133881	6	0.0114312672376	41	0.0109873436927	162	0.00271742456699	145	0.000468232644734	54	0.000285604820452	21	0.000399109542266	44	0.000343224883804	119	0.000694048974943	35	0.000564206725344	11	0.0138463252911	8	0.0156292056201	9	0.00127395419942	44	0.000819254144339	79	0.000440594376026	88	0.000166443008873	173	0.0	11	0.00350995960235	79	0.00151395524879	26	0.000735952371799	62	0.0013242808509	29	0.0115819899039	48	0.0146182219019	12	0.000691033375044	8	0.00164141736709
20	172	0.0	38	0.00408163265306	168	0.0	31	0.025641025641	26	0.000268219182405	101	0.00044313964438	31	0.000939437590029	44	0.000831447963801	111	0.000823827015711	132	0.000601417252831	61	0.0107296656506	32	0.0108861943837	55	0.00235020503091	19	0.000423639059521	23	0.000278638849222	12	0.000363633138509	27	0.000293171254916	2	0.000649558656036	120	0.000481060471083	27	0.0128712319608	63	0.0150549982953	26	0.00121218672308	23	0.000785815199672	25	0.000433488015122	65	0.00013523494471	172	0.0	120	0.00320826496148	26	0.00135930390617	21	0.000692014916766	111	0.00128552141136	56	0.0114802149487	60	0.0135159197863	155	0.000550959042265	119	0.00148813325499
21	171	0.0	32	0.00408163265306	167	0.0	30	0.025641025641	14	0.000260330382922	21	0.000435226436445	19	0.000835055635582	153	0.000786199095023	39	0.000804442850635	17	0.000588342964726	74	0.0104877340688	30	0.0106333211111	183	0.00233796437971	25	0.000412490663218	14	0.000243808993069	80	0.000337025835691	49	0.000278870218091	54	0.000640660592255	103	0.00046918243476	75	0.0123279656767	13	0.0146243428018	19	0.00115041924675	116	0.000777455463506	57	0.000362424406086	44	0.00013523494471	171	0.0	20	0.00255336683861	51	0.00130232709573	80	0.000615124370459	40	0.00076872888418	64	0.010686370298	72	0.0126086403527	101	0.000532282464561	101	0.00146258590297
22	170	0.0	12	0.00408163265306	166	0.0	17	0.025641025641	62	0.000244552783957	9	0.000403573604704	80	0.000793302853803	27	0.000548642533937	13	0.000678445777644	57	0.000575268676621	23	0.00936275221367	74	0.00949539138461	40	0.00220331721648	92	0.000367897078005	101	0.000236843021838	167	0.000274942129116	65	0.000257418662853	45	0.000569476082005	49	0.000362280107853	30	0.0122861759626	82	0.0134041522367	94	0.000795256257817	12	0.000735656782672	5	0.000333998962471	21	0.00013523494471	170	0.0	44	0.00237676509761	9	0.0011802339305	175	0.000521757278514	17	0.000678290191924	73	0.010238560495	68	0.012269470471	59	0.000373531554078	20	0.00143703855095
23	169	0.0	184	0.0	165	0.0	11	0.025641025641	7	0.000197219987062	80	0.000356094357091	44	0.000730673681134	167	0.000492081447964	12	0.000562140787191	102	0.000483748659885	30	0.00893937194561	23	0.00906550682126	96	0.00194626354122	12	0.000345600285399	29	0.000236843021838	99	0.000248334826299	163	0.000235967107615	132	0.000560578018223	40	0.000326645998883	70	0.0115478910124	11	0.0133503203	53	0.000787535323276	167	0.000677138629505	76	0.000326892601568	8	0.00013523494471	169	0.0	13	0.00206771205086	132	0.00113139666441	62	0.00048331200536	57	0.000645990658975	65	0.0101774955219	65	0.011472421249	8	0.000354854976374	63	0.00137317017091
24	168	0.0	183	0.0	164	0.0	4	0.025641025641	172	0.00018933118758	23	0.000292788693609	102	0.000668044508465	57	0.000486425339367	44	0.000552448704653	44	0.000431451507465	41	0.00861276431025	66	0.00823102502181	8	0.00193402289002	57	0.000334451889096	45	0.000215945108147	157	0.000239465725359	182	0.00022166607079	120	0.000498291571754	13	0.000291011889914	2	0.0113528723464	12	0.0125607852285	12	0.000779814388734	80	0.000585181531671	110	0.000277148075242	167	0.000124832256655	168	0.0	48	0.00178073422174	45	0.00110697803137	49	0.000346007458383	80	0.000639530752385	60	0.0101571405309	56	0.0112604400729	49	0.000317501820966	57	0.000906930996602
25	167	0.0	182	0.0	163	0.0	185	0.0	23	0.00018933118758	20	0.000292788693609	48	0.000647168117576	141	0.000480769230769	81	0.000465219961813	119	0.00039222864315	66	0.00775390719505	54	0.00773792214032	2	0.0018605789828	49	0.000334451889096	5	0.000202013165686	172	0.000221727523481	0	0.00022166607079	25	0.000480495444191	97	0.000279133853591	82	0.0107120967293	26	0.0118968580093	27	0.000733488781482	13	0.000560102323171	80	0.000277148075242	120	0.000114429568601	167	0.0	110	0.00141281392799	55	0.00104186167658	57	0.000329530912746	175	0.000490952900821	24	0.0100757205667	54	0.0108958324501	21	0.000298825243262	54	0.000900544158598
26	166	0.0	181	0.0	162	0.0	184	0.0	47	0.00015777598965	57	0.000276962277738	13	0.000647168117576	145	0.000390271493213	57	0.000455527879275	39	0.000379154355045	53	0.00766923114143	53	0.00738389955874	11	0.00182385702919	120	0.000323303492793	8	0.000195047194455	31	0.000212858422542	62	0.000214515552378	17	0.000444903189066	26	0.000279133853591	69	0.0105031481585	69	0.0110893789589	20	0.000687163174231	21	0.00050994390617	60	0.000270041714339	73	0.000114429568601	166	0.0	26	0.00119206175174	25	0.00100116395484	106	0.000296577821471	49	0.000381134488795	91	0.0100553655756	24	0.0107516852503	175	0.000252133799003	80	0.000740873208492
27	165	0.0	180	0.0	161	0.0	183	0.0	51	0.000134109591202	22	0.000253222653932	22	0.000626291726686	45	0.000361990950226	80	0.0004361437142	145	0.00036608006694	54	0.00745149271786	47	0.00619539517771	54	0.00172593181957	21	0.000323303492793	3	0.000195047194455	5	0.000195120220663	78	0.000164461923489	7	0.000400412870159	167	0.000255377780945	96	0.0101688304452	41	0.00956414075257	111	0.000548186352476	31	0.00045978548917	163	0.000255828992531	179	0.000104026880546	165	0.0	19	0.00116262812824	20	0.00091162896701	155	0.000192226365768	155	0.000206717010872	89	0.00997394561146	84	0.0106584135329	5	0.000205442354743	151	0.000721712694479
28	164	0.0	179	0.0	160	0.0	182	0.0	152	0.00012622079172	17	0.000245309445996	65	0.000563662554018	40	0.000265837104072	10	0.000377991218973	11	0.000300708626415	131	0.00665311849809	131	0.00587930358701	53	0.00171369116837	102	0.00027870990758	111	0.000174149280763	57	0.000177382018785	111	0.000150160886664	38	0.000391514806378	62	0.000249438762784	31	0.0100852510169	112	0.00947442085808	162	0.000540465417934	63	0.00040962707217	6	0.000255828992531	20	9.36241924913e-05	164	0.0	135	0.00109640247537	27	0.000879070789617	50	0.000142796728856	106	0.000180877384513	125	0.00987217065624	19	0.0101242209692	111	0.000168089199335	65	0.000702552180466
29	163	0.0	178	0.0	159	0.0	181	0.0	163	0.000118331992237	10	0.000229483030126	110	0.000480156990459	26	0.000265837104072	145	0.000271378311058	26	0.00028763433831	124	0.00607248270189	128	0.00580344160524	88	0.00160352530755	110	0.000234116322367	163	0.000167183309533	58	0.000159643816906	100	0.000143010368252	23	0.000373718678815	140	0.000184109563007	76	0.00944447539979	36	0.00947442085808	18	0.000501860745225	89	0.000384547863669	120	0.00023450990982	62	8.32215044367e-05	163	0.0	50	0.00109640247537	23	0.000691861269606	54	0.000126320183219	20	0.000180877384513	0	0.00954649079954	83	0.00932717174715	20	0.000112059466223	59	0.00067700482845
30	162	0.0	177	0.0	158	0.0	180	0.0	39	0.000118331992237	167	0.000150350950772	101	0.000480156990459	119	0.000248868778281	63	0.000251994145982	81	0.000274560050205	128	0.00575797164562	80	0.00568964863259	32	0.00155456270274	98	0.000234116322367	27	0.000167183309533	152	0.000141905615028	102	0.000135859849839	73	0.000364820615034	10	0.000178170544846	86	0.00941661559035	51	0.00922320515351	63	0.000416930465264	27	0.000334389446669	23	0.00023450990982	59	8.32215044367e-05	162	0.0	79	0.00100074319899	22	0.000643024003516	97	0.00012082800134	160	0.000116278318616	146	0.0095261358085	85	0.00926781701785	65	0.000102721177371	18	0.000651457476433
31	161	0.0	176	0.0	157	0.0	179	0.0	182	0.000102554393272	26	0.000142437742837	117	0.000417527817791	102	0.000237556561086	31	0.000251994145982	80	0.0002614857621	95	0.00528620506121	104	0.00563907397808	18	0.00151784074913	59	0.000211819529761	97	0.000160217338302	49	0.000141905615028	81	0.000135859849839	110	0.000347024487472	27	0.000148475454038	63	0.00858082130718	98	0.0085054459976	44	0.000416930465264	111	0.000309310238169	7	0.000227403548917	57	8.32215044367e-05	161	0.0	53	0.000993384793118	179	0.000634884459168	14	0.00012082800134	102	0.000109818412026	85	0.00940400586224	146	0.00925933777081	167	8.40445996676e-05	44	0.000645070638428
32	160	0.0	175	0.0	156	0.0	178	0.0	162	0.000102554393272	65	0.000134524534901	87	0.000354898645122	155	0.000231900452489	102	0.000222917898369	40	0.0002614857621	80	0.00464508636957	95	0.00546206268728	116	0.00135871228349	97	0.000200671133457	47	0.000153251367072	60	0.000133036514089	76	0.000128709331427	126	0.000311432232346	21	0.000148475454038	34	0.00819078397504	67	0.0084695580398	29	0.000355162988928	20	0.000267511557335	114	0.000220297188013	111	7.28188163822e-05	160	0.0	27	0.000963951169619	21	0.000634884459168	160	0.000115335819461	29	0.000109818412026	78	0.00938365087119	93	0.00906431508882	120	8.40445996676e-05	21	0.000645070638428
33	159	0.0	174	0.0	155	0.0	177	0.0	132	0.000102554393272	47	0.000134524534901	28	0.000334022254233	81	0.000231900452489	40	0.00017445748568	167	0.00018304003347	27	0.00449992742053	51	0.00522183307835	69	0.00132199032989	63	0.000200671133457	70	0.000139319424611	22	0.000133036514089	68	0.000128709331427	117	0.000302534168565	8	0.000148475454038	98	0.00795397559481	71	0.00827217427192	17	0.000355162988928	100	0.000242432348835	31	0.000198978105302	110	7.28188163822e-05	159	0.0	154	0.000934517546119	44	0.00062674491482	31	0.000115335819461	163	0.000103358505436	51	0.00875264614884	73	0.00884385466571	47	8.40445996676e-05	49	0.000619523286411
34	158	0.0	173	0.0	154	0.0	176	0.0	65	0.000102554393272	63	0.00011869811903	96	0.000292269472454	29	0.000214932126697	101	0.000145381238067	106	0.000169965745365	108	0.00437896162965	27	0.00499424713305	120	0.00128526837628	44	0.000200671133457	65	0.000139319424611	11	0.000133036514089	172	0.000114408294601	57	0.000293636104784	81	0.000142536435876	12	0.00770323730986	86	0.00802095856735	88	0.000347442054386	11	0.000242432348835	157	0.000177659022591	10	7.28188163822e-05	158	0.0	21	0.000897725516744	54	0.000594186737426	56	9.88592738237e-05	162	9.04386922565e-05	48	0.0086915811757	80	0.00875906219528	32	7.47063108156e-05	88	0.000600362772399
35	157	0.0	172	0.0	153	0.0	175	0.0	160	8.67767943074e-05	41	0.00010287170316	111	0.000271393081564	162	0.0002092760181	96	0.000145381238067	21	0.000169965745365	51	0.00430638215513	124	0.00458964989695	97	0.00128526837628	76	0.000189522737154	60	0.000139319424611	168	0.000124167413149	3	0.000114408294601	48	0.000284738041002	31	0.000142536435876	6	0.00768930740514	2	0.00798507060956	132	0.000339721119844	53	0.000234072612668	62	0.000177659022591	157	6.24161283276e-05	157	0.0	177	0.000883008704994	151	0.00057790764873	44	9.88592738237e-05	8	9.04386922565e-05	33	0.00858980622049	78	0.00871666596006	154	5.60297331117e-05	23	0.00058758909639
36	156	0.0	171	0.0	152	0.0	174	0.0	117	8.67767943074e-05	153	9.49584952244e-05	163	0.000250516690675	59	0.000180995475113	65	0.000135689155529	65	0.000143817169155	33	0.00417331978516	69	0.00443792593342	156	0.00122406512026	10	0.000178374340851	10	0.00012538748215	89	0.000124167413149	176	0.000100107257776	153	0.00026694191344	45	0.000136597417715	126	0.00753607845322	148	0.00775179888388	117	0.000332000185302	26	0.000234072612668	94	0.000170552661687	108	6.24161283276e-05	156	0.0	51	0.000875650299119	32	0.000553489015685	102	9.33670919446e-05	100	8.39787856668e-05	68	0.00826412636378	89	0.00858099800738	162	3.73531554078e-05	130	0.000562041744373
37	155	0.0	170	0.0	151	0.0	173	0.0	94	8.67767943074e-05	102	9.49584952244e-05	161	0.000250516690675	148	0.000175339366516	8	0.000135689155529	60	0.000143817169155	4	0.0041370300479	21	0.00419769632449	47	0.00111389925944	154	0.000144929151941	53	0.000118421510919	109	0.00011529831221	151	9.29567393636e-05	151	0.00026694191344	44	0.000112841345069	71	0.00749428873907	81	0.00739291930593	127	0.000277953643509	162	0.000225712876502	40	0.000170552661687	50	6.24161283276e-05	155	0.0	64	0.00075791580512	80	0.00052907038264	163	7.68905463073e-05	183	7.7518879077e-05	83	0.00820306139065	77	0.00858099800738	114	3.73531554078e-05	60	0.00054288123036
38	154	0.0	169	0.0	150	0.0	172	0.0	10	8.67767943074e-05	172	8.7045287289e-05	67	0.000250516690675	87	0.000158371040724	106	0.000116304990453	29	0.000143817169155	21	0.00393138820342	121	0.0041597653336	101	0.00110165860824	152	0.000133780755638	160	0.000104489568458	88	0.00011529831221	115	9.29567393636e-05	31	0.000258043849658	98	0.000100963308746	136	0.00748035883435	48	0.00705198370687	87	0.000270232708967	9	0.000225712876502	12	0.000170552661687	39	6.24161283276e-05	154	0.0	81	0.00069904855812	116	0.000520930838292	23	7.68905463073e-05	151	7.7518879077e-05	107	0.00749063670412	91	0.00836053758426	37	3.73531554078e-05	110	0.000510947040339
39	153	0.0	168	0.0	149	0.0	171	0.0	97	7.88879948249e-05	31	8.7045287289e-05	145	0.000208763908895	112	0.000152714932127	88	0.000116304990453	51	0.00013074288105	104	0.00387090530798	75	0.00403332869732	20	0.00107717730583	163	0.000122632359335	96	9.0557625997e-05	50	0.00011529831221	60	9.29567393636e-05	55	0.000249145785877	51	9.50242905843e-05	112	0.00721569064468	85	0.00701609574907	160	0.000239348970799	110	0.000192273931835	127	0.000163446300784	22	6.24161283276e-05	153	0.0	76	0.000691690152245	49	0.000504651749595	151	7.13983644282e-05	56	7.7518879077e-05	19	0.00747028171308	17	0.00825030737271	13	3.73531554078e-05	31	0.000510947040339
40	152	0.0	167	0.0	148	0.0	170	0.0	25	7.88879948249e-05	29	7.12188714183e-05	73	0.000208763908895	41	0.000147058823529	59	0.000116304990453	179	0.00010459430484	130	0.0037499395171	99	0.0040206850337	100	0.00106493665463	132	0.000122632359335	49	9.0557625997e-05	164	9.75601103316e-05	142	8.5806220951e-05	32	0.000231349658314	116	8.90852724228e-05	118	0.00714604112108	146	0.00698020779128	65	0.000239348970799	51	0.000167194723335	55	0.00015633993988	151	5.2013440273e-05	152	0.0	49	0.000691690152245	110	0.000488372660898	81	6.59061825491e-05	54	7.7518879077e-05	87	0.00704282690116	107	0.00701233730445	137	2.80148665559e-05	27	0.000498173364331
41	151	0.0	166	0.0	147	0.0	169	0.0	175	7.09991953425e-05	7	7.12188714183e-05	142	0.000187887518006	22	0.000147058823529	26	0.000116304990453	98	0.00010459430484	99	0.00367736004258	84	0.00390689206104	163	0.00105269600343	142	0.000100335566729	9	9.0557625997e-05	75	9.75601103316e-05	75	8.5806220951e-05	8	0.000231349658314	94	8.90852724228e-05	51	0.0070903215022	34	0.00694431983348	101	0.000216186167174	57	0.000158834987168	18	0.000149233578977	132	5.2013440273e-05	151	0.0	130	0.000662256528746	62	0.000455814483505	130	6.041400067e-05	53	7.7518879077e-05	54	0.00700211691907	0	0.00685971085768	127	2.80148665559e-05	12	0.000498173364331
42	150	0.0	165	0.0	146	0.0	168	0.0	92	7.09991953425e-05	163	6.33056634829e-05	141	0.000187887518006	80	0.000141402714932	179	0.000106612907916	101	9.15200167351e-05	109	0.00350800793536	108	0.003704593443	89	0.00105269600343	117	0.000100335566729	132	8.35916547665e-05	35	9.75601103316e-05	45	8.5806220951e-05	163	0.00020465546697	151	8.31462542612e-05	129	0.00686744302669	118	0.0068007680023	167	0.000185302429006	60	0.000150475251001	50	0.000142127218073	53	5.2013440273e-05	150	0.0	40	0.000662256528746	50	0.00043139585046	58	5.4921818791e-05	47	7.7518879077e-05	93	0.00681892199967	6	0.00651206172892	103	2.80148665559e-05	163	0.000472626012314
43	149	0.0	164	0.0	145	0.0	167	0.0	9	7.09991953425e-05	44	6.33056634829e-05	92	0.000167011127116	168	0.000135746606335	161	0.000106612907916	54	9.15200167351e-05	181	0.00349591135627	181	0.00362873146123	170	0.00100373339862	53	0.000100335566729	117	8.35916547665e-05	163	8.86910093924e-05	18	8.5806220951e-05	142	0.000195757403189	88	8.31462542612e-05	48	0.0067281439795	21	0.0067828240234	35	0.000169860559922	127	0.000142115514834	20	0.000135020857169	35	5.2013440273e-05	149	0.0	55	0.000647539716996	120	0.000415116761764	52	4.94296369119e-05	44	7.7518879077e-05	2	0.00610649731314	122	0.00643574850553	88	2.80148665559e-05	177	0.00046623917431
44	148	0.0	162	0.0	144	0.0	165	0.0	102	6.311039586e-05	145	5.53924555476e-05	135	0.000146134736227	97	0.000135746606335	98	0.000106612907916	48	9.15200167351e-05	84	0.00344752503992	113	0.00360344413397	28	0.00100373339862	48	0.000100335566729	141	7.66256835359e-05	27	8.86910093924e-05	31	7.86557025384e-05	179	0.000186859339408	157	7.72072360997e-05	117	0.00650526550398	140	0.00660338423442	113	0.000154418690838	49	0.000142115514834	172	0.000127914496266	127	4.16107522184e-05	148	0.0	80	0.000640181311121	167	0.000398837673067	20	4.94296369119e-05	31	7.7518879077e-05	174	0.0060861423221	123	0.00632551829398	85	2.80148665559e-05	26	0.000408757632271
45	147	0.0	161	0.0	143	0.0	164	0.0	63	6.311039586e-05	45	5.53924555476e-05	88	0.000146134736227	53	0.000135746606335	167	9.69208253777e-05	23	9.15200167351e-05	37	0.00341123530266	37	0.00354022581583	152	0.000979252096212	31	0.000100335566729	128	7.66256835359e-05	145	7.98219084531e-05	10	7.86557025384e-05	65	0.000186859339408	156	7.12682179382e-05	41	0.00642168607567	115	0.00658544025552	172	0.000146697756296	153	0.000125396042501	87	0.000113701774458	89	4.16107522184e-05	147	0.0	32	0.000632822905246	35	0.000398837673067	162	4.39374550328e-05	23	7.7518879077e-05	80	0.00584188242957	88	0.0062322465765	63	2.80148665559e-05	92	0.000402370794267
46	146	0.0	160	0.0	142	0.0	163	0.0	50	6.311039586e-05	18	5.53924555476e-05	60	0.000146134736227	10	0.000130090497738	60	9.69208253777e-05	153	7.84457286301e-05	75	0.00336284898631	106	0.00351493848858	4	0.000942530142604	62	8.91871704255e-05	40	7.66256835359e-05	87	7.98219084531e-05	48	7.15051841258e-05	87	0.000169063211845	162	6.53291997767e-05	53	0.00625452721903	53	0.00640600046654	59	0.000146697756296	148	0.000125396042501	65	0.000113701774458	98	3.12080641638e-05	146	0.0	108	0.000596030875871	163	0.000309302685236	101	4.39374550328e-05	65	6.45990658975e-05	134	0.00580117244748	69	0.0061728918472	34	2.80148665559e-05	51	0.00037682344225
47	145	0.0	159	0.0	141	0.0	162	0.0	31	6.311039586e-05	35	4.74792476122e-05	78	0.000125258345337	183	0.000118778280543	142	8.722874284e-05	133	7.84457286301e-05	69	0.00327817293269	67	0.00346436383406	172	0.000918048840198	119	7.80387741223e-05	17	7.66256835359e-05	114	7.09528075139e-05	20	7.15051841258e-05	34	0.000151267084282	136	6.53291997767e-05	21	0.00619880760016	76	0.00615478476197	51	0.000146697756296	106	0.000125396042501	27	0.000106595413555	97	3.12080641638e-05	145	0.0	33	0.000544522034746	33	0.000260465419146	75	4.39374550328e-05	97	5.81391593078e-05	69	0.00571975248331	29	0.00596938991818	28	2.80148665559e-05	69	0.000357662928237
48	144	0.0	158	0.0	140	0.0	161	0.0	179	5.52215963775e-05	151	3.95660396768e-05	54	0.000125258345337	132	0.000113122171946	21	8.722874284e-05	97	7.84457286301e-05	97	0.0031814003	90	0.00342643284318	41	0.000893567537793	88	7.80387741223e-05	87	6.26937410748e-05	95	7.09528075139e-05	88	6.43546657133e-05	30	0.000151267084282	63	6.53291997767e-05	148	0.00607343845768	84	0.00583179314181	30	0.000146697756296	163	0.000117036306334	41	9.9489052651e-05	85	3.12080641638e-05	144	0.0	127	0.000529805222996	100	0.000227907241753	183	3.84452731537e-05	94	5.81391593078e-05	163	0.00559762253705	52	0.00583372196549	27	2.80148665559e-05	5	0.000351276090233
49	143	0.0	157	0.0	139	0.0	160	0.0	157	5.52215963775e-05	142	3.95660396768e-05	146	0.000104381954448	21	0.000113122171946	159	7.75366603022e-05	25	7.84457286301e-05	121	0.00316930372091	33	0.00332528353416	86	0.000844604932982	69	7.80387741223e-05	57	6.26937410748e-05	94	7.09528075139e-05	5	6.43546657133e-05	157	0.000142369020501	53	6.53291997767e-05	84	0.00607343845768	126	0.00567029733173	10	0.000138976821755	157	0.000117036306334	30	9.9489052651e-05	58	3.12080641638e-05	143	0.0	18	0.000529805222996	57	0.000227907241753	63	3.84452731537e-05	145	5.1679252718e-05	161	0.00541442761765	2	0.00583372196549	26	2.80148665559e-05	116	0.000338502414225
50	142	0.0	156	0.0	138	0.0	159	0.0	95	5.52215963775e-05	132	3.95660396768e-05	139	0.000104381954448	175	0.000107466063348	130	7.75366603022e-05	160	6.53714405251e-05	67	0.00309672424638	87	0.00317355957062	128	0.000795642328172	100	6.68903778192e-05	137	5.57277698443e-05	65	7.09528075139e-05	56	5.72041473007e-05	40	0.00013347095672	163	5.93901816152e-05	85	0.00590627960105	5	0.00547291356385	112	0.000131255887213	172	0.000100316834001	10	9.9489052651e-05	48	3.12080641638e-05	142	0.0	151	0.000515088411247	117	0.000187209520011	159	3.29530912746e-05	83	5.1679252718e-05	75	0.00535336264452	51	0.00577436723619	18	2.80148665559e-05	111	0.000306568224204
51	141	0.0	155	0.0	137	0.0	158	0.0	53	5.52215963775e-05	97	3.95660396768e-05	138	0.000104381954448	127	0.000107466063348	117	7.75366603022e-05	148	6.53714405251e-05	113	0.0029878550346	86	0.00313562857974	145	0.000722198420956	50	6.68903778192e-05	166	4.87617986138e-05	56	7.09528075139e-05	167	5.00536288881e-05	63	0.000124572892938	110	5.93901816152e-05	138	0.0056555413161	138	0.00536524969047	69	0.000131255887213	151	0.000100316834001	54	8.52763308437e-05	41	3.12080641638e-05	141	0.0	69	0.000478296381872	108	0.000187209520011	48	3.29530912746e-05	19	4.52193461283e-05	72	0.00533300765348	86	0.00496883876712	122	1.86765777039e-05	22	0.000306568224204
52	140	0.0	154	0.0	136	0.0	157	0.0	35	5.52215963775e-05	59	3.95660396768e-05	53	0.000104381954448	103	0.000107466063348	48	7.75366603022e-05	50	6.53714405251e-05	86	0.00291527556007	133	0.00300919194346	166	0.000709957769753	34	6.68903778192e-05	127	4.87617986138e-05	7	7.09528075139e-05	59	5.00536288881e-05	27	0.000124572892938	148	5.34511634537e-05	120	0.00564161141138	104	0.00529347377487	182	0.000123534952671	65	0.000100316834001	97	7.81699699401e-05	27	3.12080641638e-05	140	0.0	28	0.000448862758372	154	0.000179069975663	18	3.29530912746e-05	177	3.87594395385e-05	3	0.0052515876893	45	0.0048670878026	94	1.86765777039e-05	155	0.000293794548195
53	139	0.0	153	0.0	135	0.0	156	0.0	127	4.7332796895e-05	183	3.16528317415e-05	50	0.000104381954448	60	0.000101809954751	29	7.75366603022e-05	162	5.22971524201e-05	81	0.00290317898098	81	0.00300919194346	103	0.000697717118551	166	5.5741981516e-05	167	4.17958273832e-05	171	6.20837065747e-05	54	5.00536288881e-05	21	0.000124572892938	142	5.34511634537e-05	184	0.00547445255474	90	0.00514992194369	106	0.000123534952671	154	8.35973616673e-05	53	7.81699699401e-05	23	3.12080641638e-05	139	0.0	62	0.000419429134872	130	0.000179069975663	137	2.74609093955e-05	182	3.22995329488e-05	149	0.00512945774304	134	0.004748378344	90	1.86765777039e-05	29	0.000293794548195
54	138	0.0	152	0.0	134	0.0	155	0.0	69	4.7332796895e-05	160	3.16528317415e-05	34	0.000104381954448	20	9.61538461538e-05	157	6.78445777644e-05	143	5.22971524201e-05	106	0.00285479266463	130	0.00288275530718	76	0.000697717118551	160	5.5741981516e-05	94	4.17958273832e-05	169	6.20837065747e-05	19	5.00536288881e-05	138	0.000115674829157	11	5.34511634537e-05	89	0.00547445255474	173	0.0050422580703	78	0.000123534952671	115	8.35973616673e-05	132	7.10636090364e-05	12	3.12080641638e-05	138	0.0	4	0.000412070728997	64	0.000179069975663	127	2.74609093955e-05	137	3.22995329488e-05	77	0.00510910275199	71	0.00471446135583	69	1.86765777039e-05	64	0.000287407710191
55	137	0.0	151	0.0	133	0.0	154	0.0	155	3.94439974125e-05	108	3.16528317415e-05	23	0.000104381954448	54	8.48416289593e-05	137	6.78445777644e-05	142	5.22971524201e-05	1	0.00281850292737	160	0.00271838768001	64	0.00064875451374	151	5.5741981516e-05	77	4.17958273832e-05	119	6.20837065747e-05	169	4.29031104755e-05	96	0.000115674829157	59	4.75121452921e-05	140	0.00544659274531	132	0.00502431409141	163	0.000108093083587	10	8.35973616673e-05	160	6.39572481328e-05	133	2.08053761092e-05	137	0.0	161	0.000404712323122	65	0.000170930431314	100	2.74609093955e-05	114	3.22995329488e-05	94	0.00504803777886	125	0.00467206512062	44	1.86765777039e-05	168	0.000274634034182
56	136	0.0	150	0.0	132	0.0	153	0.0	151	3.94439974125e-05	106	3.16528317415e-05	170	8.35055635582e-05	31	8.48416289593e-05	23	6.78445777644e-05	108	5.22971524201e-05	133	0.00268544055741	163	0.00259195104373	95	0.000587551257727	140	5.5741981516e-05	76	4.17958273832e-05	100	6.20837065747e-05	152	4.29031104755e-05	41	0.000106776765376	48	4.75121452921e-05	104	0.00543266284059	49	0.00495253817582	102	0.000108093083587	39	7.52376255005e-05	143	6.39572481328e-05	130	2.08053761092e-05	136	0.0	167	0.000397353917247	137	0.000154651342618	83	2.74609093955e-05	69	3.22995329488e-05	86	0.00486484285947	158	0.0046296688854	185	9.33828885195e-06	135	0.000261860358174
57	135	0.0	149	0.0	131	0.0	152	0.0	110	3.94439974125e-05	95	3.16528317415e-05	152	8.35055635582e-05	163	7.9185520362e-05	122	5.81524952266e-05	96	5.22971524201e-05	147	0.00266124739924	102	0.00237700876206	56	0.000575310606524	81	5.5741981516e-05	51	4.17958273832e-05	162	5.32146056354e-05	141	3.57525920629e-05	184	9.78787015945e-05	179	4.15731271306e-05	73	0.00518192455564	89	0.00488076226022	36	0.000108093083587	114	6.68778893338e-05	56	6.39572481328e-05	102	2.08053761092e-05	135	0.0	126	0.000389995511372	142	0.00014651179827	142	2.19687275164e-05	63	3.22995329488e-05	52	0.00486484285947	100	0.0046296688854	178	9.33828885195e-06	137	0.00025547352017
58	134	0.0	147	0.0	130	0.0	151	0.0	46	3.94439974125e-05	88	3.16528317415e-05	58	8.35055635582e-05	101	7.9185520362e-05	120	5.81524952266e-05	53	5.22971524201e-05	160	0.00255237818745	147	0.0022126411349	45	0.000550829304119	60	5.5741981516e-05	172	3.48298561527e-05	66	5.32146056354e-05	114	3.57525920629e-05	143	9.78787015945e-05	130	4.15731271306e-05	90	0.0051540647462	116	0.00475515440794	49	9.2651214503e-05	113	6.68778893338e-05	66	5.68508872292e-05	69	2.08053761092e-05	134	0.0	86	0.000375278699623	75	0.00014651179827	114	2.19687275164e-05	130	2.5839626359e-05	122	0.00476306790425	74	0.00455335566202	163	9.33828885195e-06	117	0.000242699844161
59	133	0.0	146	0.0	129	0.0	150	0.0	45	3.94439974125e-05	81	3.16528317415e-05	160	6.26291726686e-05	65	7.9185520362e-05	75	5.81524952266e-05	157	3.9222864315e-05	182	0.00249189529201	119	0.00219999747127	161	0.000538588652916	32	5.5741981516e-05	168	3.48298561527e-05	20	5.32146056354e-05	79	3.57525920629e-05	33	9.78787015945e-05	75	4.15731271306e-05	141	0.00514013484148	120	0.00466543451345	81	7.72093454192e-05	183	5.85181531671e-05	63	5.68508872292e-05	34	2.08053761092e-05	133	0.0	163	0.000367920293748	69	0.00014651179827	94	2.19687275164e-05	79	2.5839626359e-05	67	0.00472235792216	161	0.0043922499682	160	9.33828885195e-06	138	0.000223539330148
60	132	0.0	145	0.0	128	0.0	148	0.0	44	3.94439974125e-05	76	3.16528317415e-05	132	6.26291726686e-05	100	6.78733031674e-05	19	4.84604126889e-05	136	3.9222864315e-05	132	0.00245560555475	97	0.00218735380764	102	0.000514107350511	167	4.45935852128e-05	151	3.48298561527e-05	179	4.43455046962e-05	69	3.57525920629e-05	29	9.78787015945e-05	42	4.15731271306e-05	49	0.00494511617541	136	0.00464749053455	41	7.72093454192e-05	175	5.85181531671e-05	183	4.97445263255e-05	14	2.08053761092e-05	132	0.0	96	0.000360561887873	39	0.00014651179827	29	2.19687275164e-05	153	1.93797197693e-05	123	0.00464093795799	94	0.00423962352143	151	9.33828885195e-06	145	0.00021076565414
61	131	0.0	144	0.0	127	0.0	147	0.0	27	3.94439974125e-05	130	2.37396238061e-05	113	6.26291726686e-05	120	6.22171945701e-05	160	3.87683301511e-05	75	3.9222864315e-05	145	0.00233463976387	145	0.00204827350773	48	0.000514107350511	95	4.45935852128e-05	82	3.48298561527e-05	151	4.43455046962e-05	63	3.57525920629e-05	145	8.89806378132e-05	172	3.56341089691e-05	55	0.00480581712821	127	0.00445010676667	54	6.94884108773e-05	138	5.85181531671e-05	111	4.97445263255e-05	163	1.04026880546e-05	131	0.0	102	0.000345845076123	66	0.000138372253921	10	2.19687275164e-05	140	1.93797197693e-05	6	0.00455951799381	110	0.00420570653326	146	9.33828885195e-06	89	0.000204378816136
62	130	0.0	143	0.0	126	0.0	146	0.0	120	3.155519793e-05	79	2.37396238061e-05	99	6.26291726686e-05	154	5.65610859729e-05	153	3.87683301511e-05	66	3.9222864315e-05	119	0.0023104466057	152	0.0020356298441	61	0.000452904094498	87	4.45935852128e-05	75	3.48298561527e-05	142	4.43455046962e-05	51	3.57525920629e-05	80	8.89806378132e-05	32	3.56341089691e-05	64	0.00469437789046	128	0.00434244289329	56	6.17674763353e-05	37	5.85181531671e-05	103	4.97445263255e-05	160	1.04026880546e-05	130	0.0	140	0.000323769858498	119	0.000130232709573	152	1.64765456373e-05	81	1.93797197693e-05	45	0.00429490311024	178	0.00411243481579	133	9.33828885195e-06	108	0.000197991978131
63	129	0.0	141	0.0	125	0.0	145	0.0	106	3.155519793e-05	60	2.37396238061e-05	84	6.26291726686e-05	83	5.65610859729e-05	50	3.87683301511e-05	151	2.614857621e-05	90	0.0023104466057	156	0.00199769885322	151	0.000428422792093	51	4.45935852128e-05	48	3.48298561527e-05	132	4.43455046962e-05	47	3.57525920629e-05	71	8.89806378132e-05	119	2.96950908076e-05	54	0.00449935922438	141	0.00432449891439	32	6.17674763353e-05	142	5.01584170004e-05	95	4.97445263255e-05	145	1.04026880546e-05	129	0.0	91	0.000316411452623	103	0.000130232709573	92	1.64765456373e-05	58	1.93797197693e-05	115	0.00421348314607	114	0.00400220460423	132	9.33828885195e-06	48	0.000191605140127
64	128	0.0	140	0.0	124	0.0	144	0.0	101	3.155519793e-05	19	2.37396238061e-05	83	6.26291726686e-05	55	5.65610859729e-05	182	2.90762476133e-05	130	2.614857621e-05	168	0.00228625344753	148	0.00199769885322	114	0.000428422792093	40	4.45935852128e-05	155	2.78638849222e-05	123	4.43455046962e-05	185	2.86020736503e-05	103	8.00825740319e-05	102	2.96950908076e-05	161	0.00442970970079	66	0.00414505912541	151	5.40465417934e-05	128	5.01584170004e-05	69	4.97445263255e-05	122	1.04026880546e-05	128	0.0	63	0.000316411452623	48	0.000130232709573	53	1.64765456373e-05	51	1.93797197693e-05	147	0.00417277316398	165	0.00373086869886	117	9.33828885195e-06	146	0.000185218302123
65	127	0.0	139	0.0	123	0.0	143	0.0	87	3.155519793e-05	182	1.58264158707e-05	75	6.26291726686e-05	94	5.09049773756e-05	138	2.90762476133e-05	24	2.614857621e-05	102	0.00228625344753	56	0.00199769885322	65	0.000379460187282	115	3.34451889096e-05	146	2.78638849222e-05	120	4.43455046962e-05	160	2.86020736503e-05	102	8.00825740319e-05	89	2.96950908076e-05	81	0.00412325179696	184	0.00400150729423	97	5.40465417934e-05	32	5.01584170004e-05	35	4.97445263255e-05	84	1.04026880546e-05	127	0.0	29	0.000309053046748	124	0.000113953620876	45	1.64765456373e-05	50	1.93797197693e-05	99	0.00388780328937	180	0.00356976300505	100	9.33828885195e-06	62	0.000185218302123
66	126	0.0	138	0.0	122	0.0	142	0.0	11	3.155519793e-05	156	1.58264158707e-05	56	6.26291726686e-05	48	5.09049773756e-05	112	2.90762476133e-05	18	2.614857621e-05	76	0.002213673973	182	0.00198505518959	27	0.000379460187282	56	3.34451889096e-05	90	2.78638849222e-05	117	4.43455046962e-05	137	2.86020736503e-05	5	8.00825740319e-05	127	2.37560726461e-05	66	0.00410932189224	142	0.00387589944194	75	5.40465417934e-05	133	4.17986808336e-05	32	4.26381654219e-05	80	1.04026880546e-05	126	0.0	30	0.000301694640873	102	0.000113953620876	8	1.64765456373e-05	48	1.93797197693e-05	53	0.00382673831624	149	0.00337474032306	79	9.33828885195e-06	45	0.00016605778811
67	125	0.0	137	0.0	121	0.0	141	0.0	146	2.36663984475e-05	146	1.58264158707e-05	51	6.26291726686e-05	30	5.09049773756e-05	97	2.90762476133e-05	10	2.614857621e-05	152	0.00217738423574	109	0.00193448053508	127	0.000330497582471	39	3.34451889096e-05	81	2.78638849222e-05	110	4.43455046962e-05	112	2.86020736503e-05	130	6.22864464692e-05	114	2.37560726461e-05	106	0.00403967236864	73	0.00364262771627	28	5.40465417934e-05	102	4.17986808336e-05	151	3.55318045182e-05	64	1.04026880546e-05	125	0.0	24	0.000301694640873	76	0.000113953620876	182	1.09843637582e-05	45	1.93797197693e-05	71	0.0037656733431	75	0.00329842709967	73	9.33828885195e-06	53	0.000159670950106
68	124	0.0	136	0.0	120	0.0	140	0.0	116	2.36663984475e-05	90	1.58264158707e-05	154	4.17527817791e-05	116	4.52488687783e-05	64	2.90762476133e-05	185	1.3074288105e-05	169	0.00203222528669	132	0.00190919320782	153	0.000318256931269	33	3.34451889096e-05	63	2.78638849222e-05	108	4.43455046962e-05	90	2.86020736503e-05	81	6.22864464692e-05	109	2.37560726461e-05	5	0.00398395274976	96	0.00355290782178	181	4.63256072515e-05	88	4.17986808336e-05	133	3.55318045182e-05	63	1.04026880546e-05	124	0.0	41	0.000286977829123	152	0.000105814076528	132	1.09843637582e-05	18	1.93797197693e-05	185	0.00374531835206	53	0.00324755161742	64	9.33828885195e-06	154	0.000146897274098
69	123	0.0	135	0.0	119	0.0	139	0.0	96	2.36663984475e-05	54	1.58264158707e-05	153	4.17527817791e-05	88	4.52488687783e-05	27	2.90762476133e-05	183	1.3074288105e-05	146	0.00199593554943	183	0.00188390588057	160	0.000306016280066	30	3.34451889096e-05	33	2.78638849222e-05	51	4.43455046962e-05	73	2.86020736503e-05	75	6.22864464692e-05	90	2.37560726461e-05	67	0.00391430322617	55	0.00297870049705	154	4.63256072515e-05	86	4.17986808336e-05	61	3.55318045182e-05	51	1.04026880546e-05	123	0.0	47	0.000272261017373	18	0.000105814076528	96	1.09843637582e-05	10	1.93797197693e-05	180	0.00360283341475	154	0.00321363462924	57	9.33828885195e-06	7	0.000146897274098
70	122	0.0	134	0.0	118	0.0	138	0.0	66	2.36663984475e-05	53	1.58264158707e-05	128	4.17527817791e-05	19	4.52488687783e-05	18	2.90762476133e-05	182	1.3074288105e-05	163	0.00198383897034	100	0.00188390588057	106	0.000306016280066	148	2.22967926064e-05	30	2.78638849222e-05	10	4.43455046962e-05	37	2.86020736503e-05	53	5.33883826879e-05	60	2.37560726461e-05	116	0.00373321446481	106	0.00296075651815	153	4.63256072515e-05	48	4.17986808336e-05	48	3.55318045182e-05	36	1.04026880546e-05	122	0.0	153	0.000264902611498	157	9.76745321797e-05	95	1.09843637582e-05	168	1.29198131795e-05	133	0.00354176844162	164	0.00313732140586	55	9.33828885195e-06	47	0.000140510436093
71	121	0.0	132	0.0	117	0.0	137	0.0	52	2.36663984475e-05	11	1.58264158707e-05	109	4.17527817791e-05	18	4.52488687783e-05	163	1.93841650755e-05	144	1.3074288105e-05	148	0.0019233560749	94	0.00187126221694	77	0.000306016280066	65	2.22967926064e-05	182	2.08979136916e-05	160	3.5476403757e-05	30	2.86020736503e-05	18	5.33883826879e-05	24	2.37560726461e-05	146	0.00346854627514	64	0.00294281253925	128	4.63256072515e-05	155	3.34389446669e-05	11	3.55318045182e-05	31	1.04026880546e-05	121	0.0	100	0.000264902611498	97	9.76745321797e-05	93	1.09843637582e-05	159	1.29198131795e-05	114	0.00352141345058	170	0.00312884215882	48	9.33828885195e-06	75	0.000134123598089
72	120	0.0	131	0.0	116	0.0	136	0.0	37	2.36663984475e-05	169	7.91320793536e-06	69	4.17527817791e-05	63	3.9592760181e-05	110	1.93841650755e-05	137	1.3074288105e-05	87	0.00188706633764	127	0.0018080438988	60	0.000306016280066	54	2.22967926064e-05	179	2.08979136916e-05	154	3.5476403757e-05	7	2.86020736503e-05	162	4.44903189066e-05	169	1.78170544846e-05	127	0.00342675656099	87	0.00288898060256	114	4.63256072515e-05	130	3.34389446669e-05	8	3.55318045182e-05	30	1.04026880546e-05	120	0.0	137	0.000257544205623	41	9.76745321797e-05	90	1.09843637582e-05	142	1.29198131795e-05	88	0.00339928350432	139	0.00305252893543	42	9.33828885195e-06	66	0.000134123598089
73	119	0.0	130	0.0	115	0.0	135	0.0	33	2.36663984475e-05	133	7.91320793536e-06	40	4.17527817791e-05	47	3.9592760181e-05	100	1.93841650755e-05	120	1.3074288105e-05	156	0.00186287317946	76	0.00173218191703	30	0.000269294326458	47	2.22967926064e-05	145	2.08979136916e-05	121	3.5476403757e-05	2	2.86020736503e-05	156	4.44903189066e-05	145	1.78170544846e-05	109	0.00342675656099	113	0.00279926070807	96	4.63256072515e-05	117	3.34389446669e-05	181	2.84254436146e-05	24	1.04026880546e-05	119	0.0	164	0.000242827393873	138	8.95349878314e-05	79	1.09843637582e-05	118	1.29198131795e-05	74	0.0032975085491	87	0.0030270911943	41	9.33828885195e-06	98	0.000127736760085
74	118	0.0	129	0.0	114	0.0	134	0.0	30	2.36663984475e-05	128	7.91320793536e-06	32	4.17527817791e-05	25	3.9592760181e-05	51	1.93841650755e-05	100	1.3074288105e-05	94	0.0018265834422	116	0.00156781428987	154	0.000257053675256	41	2.22967926064e-05	119	2.08979136916e-05	106	3.5476403757e-05	145	2.14515552378e-05	135	4.44903189066e-05	135	1.78170544846e-05	137	0.00318994818075	150	0.00274542877138	80	4.63256072515e-05	79	3.34389446669e-05	139	2.84254436146e-05	185	0.0	118	0.0	156	0.000228110582123	60	8.95349878314e-05	32	1.09843637582e-05	116	1.29198131795e-05	176	0.00321608858492	133	0.00298469495909	23	9.33828885195e-06	32	0.000127736760085
75	117	0.0	128	0.0	113	0.0	133	0.0	20	2.36663984475e-05	127	7.91320793536e-06	26	4.17527817791e-05	182	3.39366515837e-05	45	1.93841650755e-05	89	1.3074288105e-05	56	0.00177819712585	144	0.00154252696261	142	0.000257053675256	171	1.11483963032e-05	92	2.08979136916e-05	101	3.5476403757e-05	96	2.14515552378e-05	133	4.44903189066e-05	132	1.78170544846e-05	142	0.00312029865716	77	0.00265570887689	108	3.86046727096e-05	75	3.34389446669e-05	49	2.84254436146e-05	184	0.0	117	0.0	146	0.000228110582123	83	8.13954434831e-05	27	1.09843637582e-05	96	1.29198131795e-05	154	0.00315502361179	163	0.00295077797092	184	0.0	102	0.000121349922081
76	116	0.0	127	0.0	112	0.0	132	0.0	3	2.36663984475e-05	120	7.91320793536e-06	21	4.17527817791e-05	172	3.39366515837e-05	41	1.93841650755e-05	87	1.3074288105e-05	63	0.00148787922775	1	0.00152988329898	6	0.00023257237285	168	1.11483963032e-05	56	2.08979136916e-05	53	3.5476403757e-05	87	2.14515552378e-05	121	4.44903189066e-05	128	1.78170544846e-05	38	0.00303671922884	129	0.00245832510901	91	3.86046727096e-05	146	2.50792085002e-05	42	2.84254436146e-05	183	0.0	116	0.0	145	0.000228110582123	19	8.13954434831e-05	184	5.4921818791e-06	87	1.29198131795e-05	17	0.00307360364761	101	0.00286598550049	183	0.0	39	0.000121349922081
77	115	0.0	126	0.0	111	0.0	131	0.0	137	1.5777598965e-05	119	7.91320793536e-06	20	4.17527817791e-05	161	3.39366515837e-05	36	1.93841650755e-05	79	1.3074288105e-05	116	0.00147578264867	168	0.00150459597173	75	0.000208091070445	139	1.11483963032e-05	35	2.08979136916e-05	41	3.5476403757e-05	70	2.14515552378e-05	115	4.44903189066e-05	108	1.78170544846e-05	115	0.00299492951468	133	0.00215327746775	90	3.86046727096e-05	135	2.50792085002e-05	165	2.13190827109e-05	182	0.0	115	0.0	84	0.000220752176249	172	7.32558991348e-05	177	5.4921818791e-06	75	1.29198131795e-05	139	0.00303289366553	176	0.00284054775936	182	0.0	165	0.000114963084076
78	114	0.0	125	0.0	110	0.0	130	0.0	114	1.5777598965e-05	117	7.91320793536e-06	9	4.17527817791e-05	68	3.39366515837e-05	30	1.93841650755e-05	70	1.3074288105e-05	166	0.00141529975323	169	0.0014919523081	22	0.000208091070445	136	1.11483963032e-05	20	2.08979136916e-05	185	2.66073028177e-05	61	2.14515552378e-05	101	4.44903189066e-05	100	1.78170544846e-05	132	0.00285563046749	168	0.00206355757326	38	3.86046727096e-05	98	2.50792085002e-05	142	2.13190827109e-05	181	0.0	114	0.0	132	0.000206035364499	161	6.51163547865e-05	171	5.4921818791e-06	30	1.29198131795e-05	165	0.0029718286924	38	0.00254377411286	181	0.0	161	0.000114963084076
79	113	0.0	124	0.0	109	0.0	129	0.0	109	1.5777598965e-05	116	7.91320793536e-06	149	2.08763908895e-05	56	3.39366515837e-05	185	9.69208253777e-06	69	1.3074288105e-05	118	0.00139110659505	63	0.0014919523081	34	0.000195850419242	118	1.11483963032e-05	159	1.39319424611e-05	143	2.66073028177e-05	156	1.43010368252e-05	14	4.44903189066e-05	99	1.78170544846e-05	128	0.00284170056277	137	0.00192000574207	31	3.86046727096e-05	97	2.50792085002e-05	116	2.13190827109e-05	180	0.0	113	0.0	106	0.000191318552749	160	6.51163547865e-05	168	5.4921818791e-06	172	6.45990658975e-06	164	0.0029718286924	129	0.00247594013652	180	0.0	87	0.000108576246072
80	112	0.0	123	0.0	108	0.0	128	0.0	99	1.5777598965e-05	110	7.91320793536e-06	133	2.08763908895e-05	35	3.39366515837e-05	183	9.69208253777e-06	63	1.3074288105e-05	183	0.00134272027871	146	0.00145402131722	130	0.00018360976804	109	1.11483963032e-05	154	1.39319424611e-05	137	2.66073028177e-05	143	1.43010368252e-05	172	3.55922551253e-05	69	1.78170544846e-05	77	0.00266061180142	117	0.00188411778428	145	3.08837381677e-05	66	2.50792085002e-05	90	2.13190827109e-05	178	0.0	112	0.0	119	0.000183960146874	99	6.51163547865e-05	145	5.4921818791e-06	166	6.45990658975e-06	102	0.00291076371926	67	0.00241658540722	179	0.0	157	0.000102189408068
81	111	0.0	122	0.0	107	0.0	127	0.0	76	1.5777598965e-05	94	7.91320793536e-06	100	2.08763908895e-05	8	3.39366515837e-05	173	9.69208253777e-06	33	1.3074288105e-05	55	0.00129433396236	171	0.00142873398996	117	0.000159128465634	106	1.11483963032e-05	143	1.39319424611e-05	102	2.66073028177e-05	132	1.43010368252e-05	165	3.55922551253e-05	57	1.78170544846e-05	110	0.00256310246838	97	0.00188411778428	142	3.08837381677e-05	56	2.50792085002e-05	75	2.13190827109e-05	177	0.0	111	0.0	71	0.000183960146874	88	6.51163547865e-05	138	5.4921818791e-06	147	6.45990658975e-06	158	0.00276827878196	109	0.00239114766609	177	0.0	142	0.000102189408068
82	110	0.0	121	0.0	106	0.0	126	0.0	56	1.5777598965e-05	87	7.91320793536e-06	77	2.08763908895e-05	117	2.82805429864e-05	152	9.69208253777e-06	32	1.3074288105e-05	127	0.00128223738327	114	0.00142873398996	29	0.000159128465634	94	1.11483963032e-05	133	1.39319424611e-05	69	2.66073028177e-05	130	1.43010368252e-05	106	3.55922551253e-05	37	1.78170544846e-05	97	0.00256310246838	163	0.0017046779953	143	2.31628036258e-05	54	2.50792085002e-05	73	2.13190827109e-05	176	0.0	110	0.0	133	0.000176601740999	56	6.51163547865e-05	133	5.4921818791e-06	135	6.45990658975e-06	178	0.00223904901482	137	0.00227243820749	176	0.0	113	0.000102189408068
83	109	0.0	120	0.0	105	0.0	125	0.0	41	1.5777598965e-05	56	7.91320793536e-06	68	2.08763908895e-05	99	2.82805429864e-05	99	9.69208253777e-06	30	1.3074288105e-05	171	0.00122175448783	49	0.0012643663628	185	0.000146887814432	75	1.11483963032e-05	114	1.39319424611e-05	54	2.66073028177e-05	128	1.43010368252e-05	86	3.55922551253e-05	185	1.1878036323e-05	121	0.00232629408815	38	0.0016867340164	137	2.31628036258e-05	45	2.50792085002e-05	51	2.13190827109e-05	174	0.0	109	0.0	183	0.000169243335124	143	5.69768104382e-05	118	5.4921818791e-06	132	6.45990658975e-06	170	0.00223904901482	90	0.00227243820749	174	0.0	37	9.58025700636e-05
84	108	0.0	119	0.0	104	0.0	124	0.0	185	7.88879948249e-06	48	7.91320793536e-06	64	2.08763908895e-05	139	2.26244343891e-05	94	9.69208253777e-06	22	1.3074288105e-05	100	0.00120965790874	55	0.00125172269917	176	0.000146887814432	52	1.11483963032e-05	100	1.39319424611e-05	47	2.66073028177e-05	127	1.43010368252e-05	51	3.55922551253e-05	164	1.1878036323e-05	173	0.00228450437399	139	0.00163290207971	130	2.31628036258e-05	179	1.67194723335e-05	47	2.13190827109e-05	173	0.0	108	0.0	181	0.000169243335124	122	4.88372660898e-05	117	5.4921818791e-06	128	6.45990658975e-06	150	0.00221869402377	131	0.00224700046636	173	0.0	11	9.58025700636e-05
85	107	0.0	118	0.0	103	0.0	123	0.0	167	7.88879948249e-06	37	7.91320793536e-06	63	2.08763908895e-05	92	2.26244343891e-05	77	9.69208253777e-06	8	1.3074288105e-05	144	0.00118546475057	85	0.0011758607174	90	0.000122406512026	37	1.11483963032e-05	69	1.39319424611e-05	14	2.66073028177e-05	119	1.43010368252e-05	36	3.55922551253e-05	155	1.1878036323e-05	156	0.00204769599376	6	0.00159701412191	116	2.31628036258e-05	160	1.67194723335e-05	16	2.13190827109e-05	172	0.0	107	0.0	78	0.000161884929249	113	4.88372660898e-05	107	5.4921818791e-06	119	6.45990658975e-06	137	0.00221869402377	185	0.00216220799593	172	0.0	99	8.94157320594e-05
86	106	0.0	117	0.0	102	0.0	122	0.0	159	7.88879948249e-06	33	7.91320793536e-06	41	2.08763908895e-05	142	1.69683257919e-05	56	9.69208253777e-06	184	0.0	177	0.00108869211787	4	0.00111264239926	99	0.000110165860824	35	1.11483963032e-05	67	1.39319424611e-05	8	2.66073028177e-05	113	1.43010368252e-05	3	3.55922551253e-05	152	1.1878036323e-05	157	0.00203376608904	14	0.00157907014301	72	2.31628036258e-05	143	1.67194723335e-05	182	1.42127218073e-05	171	0.0	106	0.0	7	0.000161884929249	94	4.88372660898e-05	88	5.4921818791e-06	109	6.45990658975e-06	100	0.00215762905064	99	0.00206045703142	171	0.0	94	8.30288940551e-05
87	105	0.0	116	0.0	101	0.0	121	0.0	135	7.88879948249e-06	185	0.0	185	0.0	133	1.69683257919e-05	54	9.69208253777e-06	181	0.0	85	0.00108869211787	118	0.00108735507201	87	0.000110165860824	20	1.11483963032e-05	66	1.39319424611e-05	159	1.77382018785e-05	106	1.43010368252e-05	173	2.6694191344e-05	137	1.1878036323e-05	87	0.001936256756	169	0.00154318218522	52	2.31628036258e-05	137	1.67194723335e-05	173	1.42127218073e-05	170	0.0	105	0.0	113	0.000154526523374	81	4.88372660898e-05	85	5.4921818791e-06	103	6.45990658975e-06	153	0.00211691906856	174	0.00205197778437	170	0.0	149	7.66420560509e-05
88	104	0.0	115	0.0	100	0.0	120	0.0	130	7.88879948249e-06	184	0.0	184	0.0	131	1.69683257919e-05	184	0.0	180	0.0	49	0.00104030580152	166	0.000922987444842	51	0.000110165860824	18	1.11483963032e-05	41	1.39319424611e-05	127	1.77382018785e-05	97	1.43010368252e-05	139	2.6694191344e-05	84	1.1878036323e-05	95	0.00192232685128	151	0.00154318218522	11	2.31628036258e-05	132	1.67194723335e-05	171	1.42127218073e-05	169	0.0	104	0.0	114	0.000132451305749	58	4.88372660898e-05	76	5.4921818791e-06	101	6.45990658975e-06	171	0.00199478912229	171	0.00198414380803	169	0.0	84	7.66420560509e-05
89	103	0.0	114	0.0	99	0.0	119	0.0	128	7.88879948249e-06	181	0.0	183	0.0	69	1.69683257919e-05	181	0.0	178	0.0	112	0.000967726326995	19	0.00087241279033	5	0.000110165860824	185	0.0	37	1.39319424611e-05	122	1.77382018785e-05	40	1.43010368252e-05	89	2.6694191344e-05	66	1.1878036323e-05	108	0.00185267732769	108	0.00150729422742	185	1.54418690838e-05	119	1.67194723335e-05	145	1.42127218073e-05	168	0.0	103	0.0	66	0.000125092899874	34	4.88372660898e-05	69	5.4921818791e-06	95	6.45990658975e-06	119	0.00189301416707	8	0.00192478907873	168	0.0	153	7.02552180466e-05
90	102	0.0	113	0.0	98	0.0	118	0.0	118	7.88879948249e-06	180	0.0	182	0.0	33	1.69683257919e-05	180	0.0	176	0.0	150	0.000955629747907	73	0.00080919447219	133	9.79252096212e-05	184	0.0	31	1.39319424611e-05	113	1.77382018785e-05	6	1.43010368252e-05	83	2.6694191344e-05	41	1.1878036323e-05	113	0.00179695770881	157	0.00147140626963	149	1.54418690838e-05	103	1.67194723335e-05	108	1.42127218073e-05	166	0.0	102	0.0	139	0.000117734493999	136	4.06977217415e-05	65	5.4921818791e-06	88	6.45990658975e-06	49	0.00185230418499	150	0.00184847585534	166	0.0	129	7.02552180466e-05
91	101	0.0	112	0.0	97	0.0	117	0.0	111	7.88879948249e-06	179	0.0	181	0.0	32	1.69683257919e-05	178	0.0	174	0.0	139	0.000955629747907	117	0.000796550808562	98	9.79252096212e-05	183	0.0	183	6.96597123054e-06	74	1.77382018785e-05	184	7.15051841258e-06	58	2.6694191344e-05	36	1.1878036323e-05	163	0.00167158856633	161	0.00136374239624	148	1.54418690838e-05	94	1.67194723335e-05	96	1.42127218073e-05	165	0.0	101	0.0	131	0.000117734493999	98	4.06977217415e-05	60	5.4921818791e-06	52	6.45990658975e-06	110	0.00183194919394	153	0.00155170220884	165	0.0	90	6.38683800424e-05
92	100	0.0	111	0.0	96	0.0	116	0.0	90	7.88879948249e-06	178	0.0	180	0.0	181	1.13122171946e-05	177	0.0	173	0.0	2	0.000883050273383	149	0.000720688826794	78	9.79252096212e-05	182	0.0	162	6.96597123054e-06	63	1.77382018785e-05	183	7.15051841258e-06	185	1.77961275626e-05	22	1.1878036323e-05	145	0.00154621942386	172	0.00134579841734	146	1.54418690838e-05	69	1.67194723335e-05	89	1.42127218073e-05	164	0.0	100	0.0	58	0.000117734493999	73	4.06977217415e-05	51	5.4921818791e-06	11	6.45990658975e-06	1	0.00177088422081	102	0.00153474371476	164	0.0	58	6.38683800424e-05
93	99	0.0	110	0.0	95	0.0	115	0.0	88	7.88879948249e-06	177	0.0	179	0.0	179	1.13122171946e-05	176	0.0	172	0.0	65	0.000810470798858	177	0.000708045163166	67	9.79252096212e-05	181	0.0	156	6.96597123054e-06	45	1.77382018785e-05	173	7.15051841258e-06	183	1.77961275626e-05	184	5.93901816152e-06	179	0.00144871009082	145	0.00132785443844	122	1.54418690838e-05	67	1.67194723335e-05	36	1.42127218073e-05	162	0.0	99	0.0	99	0.000110376088124	59	4.06977217415e-05	47	5.4921818791e-06	185	0.0	109	0.0016283992835	166	0.00145843049137	161	0.0	16	6.38683800424e-05
94	98	0.0	109	0.0	94	0.0	114	0.0	71	7.88879948249e-06	176	0.0	178	0.0	171	1.13122171946e-05	174	0.0	171	0.0	98	0.000762084482508	139	0.000708045163166	146	8.56845584185e-05	180	0.0	129	6.96597123054e-06	30	1.77382018785e-05	168	7.15051841258e-06	161	1.77961275626e-05	149	5.93901816152e-06	139	0.00142085028138	121	0.00130991045955	115	1.54418690838e-05	8	1.67194723335e-05	179	7.10636090364e-06	161	0.0	98	0.0	52	0.000110376088124	53	4.06977217415e-05	19	5.4921818791e-06	184	0.0	157	0.00158768930142	95	0.00139907576207	159	0.0	162	5.74815420382e-05
95	97	0.0	108	0.0	93	0.0	112	0.0	59	7.88879948249e-06	174	0.0	176	0.0	166	1.13122171946e-05	172	0.0	170	0.0	114	0.000749987903421	110	0.000708045163166	137	8.56845584185e-05	179	0.0	113	6.96597123054e-06	183	8.86910093924e-06	161	7.15051841258e-06	109	1.77961275626e-05	134	5.93901816152e-06	61	0.00142085028138	110	0.00120224658616	45	1.54418690838e-05	185	8.35973616673e-06	162	7.10636090364e-06	159	0.0	97	0.0	171	9.56592763744e-05	162	3.25581773932e-05	15	5.4921818791e-06	181	0.0	63	0.00158768930142	55	0.00133972103277	158	0.0	126	5.74815420382e-05
96	96	0.0	107	0.0	92	0.0	111	0.0	54	7.88879948249e-06	173	0.0	175	0.0	152	1.13122171946e-05	171	0.0	169	0.0	19	0.000749987903421	2	0.000708045163166	132	8.56845584185e-05	178	0.0	112	6.96597123054e-06	182	8.86910093924e-06	133	7.15051841258e-06	107	1.77961275626e-05	133	5.93901816152e-06	133	0.00135120075779	143	0.00118430260726	37	1.54418690838e-05	182	8.35973616673e-06	154	7.10636090364e-06	158	0.0	96	0.0	160	9.56592763744e-05	159	3.25581773932e-05	185	0.0	180	0.0	131	0.00154697931933	157	0.00133124178573	157	0.0	109	5.74815420382e-05
97	95	0.0	106	0.0	91	0.0	110	0.0	48	7.88879948249e-06	171	0.0	174	0.0	114	1.13122171946e-05	170	0.0	168	0.0	103	0.000725794745246	65	0.000695401499539	73	8.56845584185e-05	177	0.0	109	6.96597123054e-06	156	8.86910093924e-06	103	7.15051841258e-06	100	1.77961275626e-05	121	5.93901816152e-06	14	0.00129548113891	147	0.00107663873387	24	1.54418690838e-05	181	8.35973616673e-06	146	7.10636090364e-06	156	0.0	95	0.0	75	8.83008704994e-05	3	3.25581773932e-05	181	0.0	179	0.0	101	0.00144520436411	144	0.00133124178573	156	0.0	96	5.74815420382e-05
98	94	0.0	105	0.0	90	0.0	109	0.0	43	7.88879948249e-06	170	0.0	173	0.0	109	1.13122171946e-05	169	0.0	166	0.0	142	0.000713698166159	172	0.000670114172283	14	8.56845584185e-05	176	0.0	106	6.96597123054e-06	153	8.86910093924e-06	101	7.15051841258e-06	98	1.77961275626e-05	111	5.93901816152e-06	102	0.00123976152003	131	0.00105869475497	173	7.72093454192e-06	166	8.35973616673e-06	136	7.10636090364e-06	154	0.0	94	0.0	65	8.83008704994e-05	165	2.44186330449e-05	180	0.0	178	0.0	38	0.00140449438202	47	0.00131428329164	153	0.0	183	5.10947040339e-05
99	93	0.0	104	0.0	89	0.0	107	0.0	32	7.88879948249e-06	168	0.0	172	0.0	90	1.13122171946e-05	168	0.0	165	0.0	115	0.000701601587071	115	0.000644826845027	157	7.34439072159e-05	175	0.0	102	6.96597123054e-06	141	8.86910093924e-06	98	7.15051841258e-06	88	1.77961275626e-05	96	5.93901816152e-06	172	0.00122583161531	114	0.000986918839383	168	7.72093454192e-06	152	8.35973616673e-06	128	7.10636090364e-06	153	0.0	93	0.0	94	8.09424646245e-05	89	2.44186330449e-05	179	0.0	176	0.0	97	0.00136378439993	120	0.0013058040446	152	0.0	182	5.10947040339e-05
100	92	0.0	103	0.0	88	0.0	106	0.0	8	7.88879948249e-06	166	0.0	171	0.0	77	1.13122171946e-05	166	0.0	164	0.0	172	0.000677408428896	129	0.000606895854143	140	7.34439072159e-05	174	0.0	95	6.96597123054e-06	134	8.86910093924e-06	74	7.15051841258e-06	76	1.77961275626e-05	87	5.93901816152e-06	52	0.00117011199643	156	0.00093308690269	165	7.72093454192e-06	150	8.35973616673e-06	122	7.10636090364e-06	152	0.0	92	0.0	73	8.09424646245e-05	61	2.44186330449e-05	178	0.0	174	0.0	108	0.00134342940889	57	0.0012464493153	150	0.0	170	4.47078660297e-05
101	91	0.0	101	0.0	87	0.0	105	0.0	184	0.0	165	0.0	169	0.0	67	1.13122171946e-05	165	0.0	163	0.0	179	0.000665311849809	5	0.000581608526887	136	7.34439072159e-05	173	0.0	88	6.96597123054e-06	130	8.86910093924e-06	64	7.15051841258e-06	67	1.77961275626e-05	80	5.93901816152e-06	169	0.00115618209171	95	0.00093308690269	157	7.72093454192e-06	141	8.35973616673e-06	115	7.10636090364e-06	150	0.0	91	0.0	38	8.09424646245e-05	11	2.44186330449e-05	176	0.0	173	0.0	90	0.00134342940889	115	0.00120405308009	149	0.0	156	4.47078660297e-05
102	90	0.0	100	0.0	86	0.0	104	0.0	183	0.0	164	0.0	168	0.0	51	1.13122171946e-05	164	0.0	161	0.0	73	0.000653215270721	185	0.000543677536003	123	7.34439072159e-05	172	0.0	55	6.96597123054e-06	128	8.86910093924e-06	41	7.15051841258e-06	66	1.77961275626e-05	73	5.93901816152e-06	65	0.00115618209171	54	0.00093308690269	156	7.72093454192e-06	109	8.35973616673e-06	102	7.10636090364e-06	149	0.0	90	0.0	34	8.09424646245e-05	185	1.62790886966e-05	174	0.0	171	0.0	173	0.00128236443576	173	0.00113621910374	148	0.0	100	4.47078660297e-05
103	89	0.0	98	0.0	85	0.0	103	0.0	181	0.0	162	0.0	167	0.0	38	1.13122171946e-05	162	0.0	159	0.0	3	0.000653215270721	134	0.000543677536003	94	7.34439072159e-05	170	0.0	50	6.96597123054e-06	76	8.86910093924e-06	38	7.15051841258e-06	61	1.77961275626e-05	67	5.93901816152e-06	166	0.00108653256812	16	0.000807479050405	150	7.72093454192e-06	108	8.35973616673e-06	100	7.10636090364e-06	148	0.0	89	0.0	175	7.35840587495e-05	182	1.62790886966e-05	173	0.0	170	0.0	169	0.00126200944472	97	0.00113621910374	147	0.0	67	4.47078660297e-05
104	88	0.0	97	0.0	84	0.0	101	0.0	180	0.0	161	0.0	166	0.0	177	5.65610859729e-06	158	0.0	158	0.0	5	0.000629022112547	64	0.000543677536003	171	6.12032560132e-05	169	0.0	34	6.96597123054e-06	73	8.86910093924e-06	17	7.15051841258e-06	60	1.77961275626e-05	65	5.93901816152e-06	164	0.00105867275868	102	0.000789535071507	147	7.72093454192e-06	96	8.35973616673e-06	84	7.10636090364e-06	147	0.0	88	0.0	142	7.35840587495e-05	127	1.62790886966e-05	172	0.0	169	0.0	8	0.00126200944472	49	0.00111078136261	145	0.0	41	4.47078660297e-05
105	87	0.0	96	0.0	83	0.0	100	0.0	178	0.0	159	0.0	165	0.0	159	5.65610859729e-06	156	0.0	156	0.0	117	0.000592732375284	112	0.000531033872375	139	6.12032560132e-05	165	0.0	12	6.96597123054e-06	37	8.86910093924e-06	14	7.15051841258e-06	52	1.77961275626e-05	39	5.93901816152e-06	165	0.00104474285396	130	0.000753647113711	135	7.72093454192e-06	87	8.35973616673e-06	52	7.10636090364e-06	146	0.0	87	0.0	111	7.35840587495e-05	104	1.62790886966e-05	170	0.0	167	0.0	129	0.00122129946263	121	0.00101750964514	144	0.0	160	3.83210280254e-05
106	86	0.0	94	0.0	82	0.0	98	0.0	177	0.0	158	0.0	164	0.0	149	5.65610859729e-06	154	0.0	154	0.0	64	0.000532249479847	60	0.000480459217863	115	6.12032560132e-05	164	0.0	185	0.0	33	8.86910093924e-06	181	0.0	47	1.77961275626e-05	30	5.93901816152e-06	18	0.00104474285396	18	0.000699815177017	84	7.72093454192e-06	73	8.35973616673e-06	39	7.10636090364e-06	144	0.0	86	0.0	60	7.35840587495e-05	90	1.62790886966e-05	169	0.0	165	0.0	166	0.00105845953428	37	0.000983592656972	143	0.0	133	3.83210280254e-05
107	85	0.0	93	0.0	81	0.0	97	0.0	176	0.0	157	0.0	162	0.0	146	5.65610859729e-06	151	0.0	152	0.0	185	0.000495959742585	150	0.000467815554235	109	6.12032560132e-05	162	0.0	184	0.0	28	8.86910093924e-06	180	0.0	11	1.77961275626e-05	183	0.0	150	0.00103081294924	175	0.000663927219222	67	7.72093454192e-06	64	8.35973616673e-06	33	7.10636090364e-06	142	0.0	85	0.0	57	7.35840587495e-05	177	8.13954434831e-06	167	0.0	164	0.0	57	0.00105845953428	113	0.000915758680629	142	0.0	97	3.83210280254e-05
108	84	0.0	91	0.0	80	0.0	96	0.0	174	0.0	154	0.0	159	0.0	144	5.65610859729e-06	150	0.0	150	0.0	138	0.000483863163497	138	0.000467815554235	63	6.12032560132e-05	161	0.0	181	0.0	184	0.0	178	0.0	127	8.89806378132e-06	182	0.0	80	0.00101688304452	166	0.000663927219222	66	7.72093454192e-06	58	8.35973616673e-06	24	7.10636090364e-06	141	0.0	84	0.0	67	6.62256528746e-05	171	8.13954434831e-06	166	0.0	161	0.0	40	0.00105845953428	1	0.000890320939501	141	0.0	86	3.83210280254e-05
109	83	0.0	90	0.0	79	0.0	95	0.0	173	0.0	152	0.0	158	0.0	134	5.65610859729e-06	149	0.0	149	0.0	110	0.000447573426235	142	0.000455171890607	50	6.12032560132e-05	159	0.0	180	0.0	181	0.0	177	0.0	118	8.89806378132e-06	181	0.0	151	0.000989023235081	164	0.000663927219222	60	7.72093454192e-06	41	8.35973616673e-06	9	7.10636090364e-06	140	0.0	83	0.0	56	6.62256528746e-05	153	8.13954434831e-06	165	0.0	158	0.0	168	0.00103810454323	4	0.000797049222029	140	0.0	76	3.83210280254e-05
110	82	0.0	89	0.0	78	0.0	94	0.0	171	0.0	150	0.0	157	0.0	128	5.65610859729e-06	148	0.0	147	0.0	12	0.000447573426235	98	0.000442528226979	33	6.12032560132e-05	158	0.0	178	0.0	180	0.0	175	0.0	108	8.89806378132e-06	180	0.0	88	0.000933303616203	65	0.000628039261426	58	7.72093454192e-06	184	0.0	185	0.0	139	0.0	82	0.0	124	5.88672469996e-05	146	8.13954434831e-06	164	0.0	157	0.0	113	0.00101774955219	183	0.0007716114809	139	0.0	36	3.83210280254e-05
111	81	0.0	88	0.0	77	0.0	93	0.0	170	0.0	149	0.0	156	0.0	113	5.65610859729e-06	147	0.0	146	0.0	174	0.000435476847148	24	0.000442528226979	169	4.89626048106e-05	157	0.0	177	0.0	178	0.0	174	0.0	99	8.89806378132e-06	178	0.0	99	0.000891513902045	31	0.000610095282528	48	7.72093454192e-06	180	0.0	184	0.0	138	0.0	81	0.0	109	5.88672469996e-05	133	8.13954434831e-06	161	0.0	156	0.0	95	0.00101774955219	14	0.000746173739772	138	0.0	176	3.19341900212e-05
112	80	0.0	87	0.0	76	0.0	92	0.0	169	0.0	148	0.0	155	0.0	110	5.65610859729e-06	146	0.0	141	0.0	151	0.000435476847148	3	0.000442528226979	112	4.89626048106e-05	156	0.0	176	0.0	177	0.0	171	0.0	94	8.89806378132e-06	177	0.0	130	0.000877583997325	179	0.000538319366936	34	7.72093454192e-06	178	0.0	180	0.0	136	0.0	80	0.0	61	5.88672469996e-05	129	8.13954434831e-06	158	0.0	154	0.0	160	0.000915974596971	168	0.000695298257515	136	0.0	172	3.19341900212e-05
113	79	0.0	86	0.0	75	0.0	91	0.0	168	0.0	147	0.0	151	0.0	106	5.65610859729e-06	144	0.0	140	0.0	149	0.000435476847148	16	0.000429884563351	179	3.67219536079e-05	155	0.0	175	0.0	176	0.0	170	0.0	74	8.89806378132e-06	176	0.0	16	0.000863654092606	57	0.000520375388039	25	7.72093454192e-06	177	0.0	178	0.0	135	0.0	79	0.0	157	5.15088411247e-05	115	8.13954434831e-06	157	0.0	152	0.0	120	0.000834554632796	142	0.000695298257515	135	0.0	56	3.19341900212e-05
114	78	0.0	85	0.0	74	0.0	90	0.0	166	0.0	144	0.0	150	0.0	96	5.65610859729e-06	143	0.0	139	0.0	92	0.00042338026806	40	0.000417240899723	165	3.67219536079e-05	153	0.0	174	0.0	175	0.0	166	0.0	72	8.89806378132e-06	175	0.0	143	0.000835794283167	52	0.000502431409141	16	7.72093454192e-06	176	0.0	177	0.0	134	0.0	78	0.0	95	5.15088411247e-05	101	8.13954434831e-06	156	0.0	150	0.0	81	0.000732779677577	182	0.000669860516386	134	0.0	34	3.19341900212e-05
115	77	0.0	84	0.0	73	0.0	89	0.0	165	0.0	143	0.0	148	0.0	93	5.65610859729e-06	141	0.0	138	0.0	157	0.000411283688973	12	0.000404597236095	121	3.67219536079e-05	150	0.0	173	0.0	174	0.0	165	0.0	69	8.89806378132e-06	174	0.0	175	0.000780074664289	99	0.000484487430243	184	0.0	174	0.0	176	0.0	131	0.0	77	0.0	37	5.15088411247e-05	91	8.13954434831e-06	154	0.0	149	0.0	128	0.000651359713402	160	0.000635943528215	131	0.0	136	2.5547352017e-05
116	76	0.0	83	0.0	72	0.0	88	0.0	164	0.0	141	0.0	147	0.0	82	5.65610859729e-06	140	0.0	135	0.0	14	0.000399187109885	83	0.000366666245211	79	3.67219536079e-05	149	0.0	171	0.0	173	0.0	164	0.0	42	8.89806378132e-06	173	0.0	171	0.000780074664289	40	0.000484487430243	183	0.0	173	0.0	175	0.0	129	0.0	76	0.0	172	4.41504352497e-05	86	8.13954434831e-06	153	0.0	148	0.0	112	0.000651359713402	147	0.000627464281172	130	0.0	81	2.5547352017e-05
117	75	0.0	82	0.0	71	0.0	87	0.0	161	0.0	140	0.0	144	0.0	72	5.65610859729e-06	139	0.0	134	0.0	129	0.000387090530798	165	0.000354022581583	37	3.67219536079e-05	147	0.0	170	0.0	170	0.0	159	0.0	35	8.89806378132e-06	171	0.0	114	0.000780074664289	1	0.000412711514651	180	0.0	171	0.0	174	0.0	128	0.0	75	0.0	165	4.41504352497e-05	38	8.13954434831e-06	150	0.0	146	0.0	172	0.00059029474027	11	0.000627464281172	129	0.0	33	2.5547352017e-05
118	74	0.0	81	0.0	70	0.0	86	0.0	158	0.0	139	0.0	143	0.0	64	5.65610859729e-06	136	0.0	131	0.0	165	0.000338704214448	151	0.000316091590699	16	3.67219536079e-05	146	0.0	169	0.0	166	0.0	158	0.0	15	8.89806378132e-06	170	0.0	168	0.000724355045411	185	0.000394767535753	179	0.0	170	0.0	170	0.0	126	0.0	74	0.0	88	4.41504352497e-05	37	8.13954434831e-06	149	0.0	144	0.0	182	0.000569939749227	127	0.000618985034129	128	0.0	30	2.5547352017e-05
119	73	0.0	80	0.0	69	0.0	85	0.0	156	0.0	138	0.0	140	0.0	24	5.65610859729e-06	135	0.0	129	0.0	16	0.000338704214448	135	0.000316091590699	182	2.44813024053e-05	144	0.0	165	0.0	165	0.0	157	0.0	182	0.0	168	0.0	40	0.000626845712375	109	0.000394767535753	178	0.0	169	0.0	169	0.0	125	0.0	73	0.0	185	3.67920293748e-05	36	8.13954434831e-06	148	0.0	143	0.0	55	0.000529229767139	103	0.000500275575529	126	0.0	3	2.5547352017e-05
120	72	0.0	79	0.0	68	0.0	84	0.0	154	0.0	137	0.0	137	0.0	15	5.65610859729e-06	134	0.0	128	0.0	161	0.000314511056273	179	0.000290804263443	173	2.44813024053e-05	143	0.0	164	0.0	161	0.0	155	0.0	181	0.0	166	0.0	182	0.000612915807656	160	0.000376823556855	177	0.0	168	0.0	168	0.0	124	0.0	72	0.0	184	3.67920293748e-05	28	8.13954434831e-06	147	0.0	141	0.0	103	0.000488519785051	152	0.0004748378344	125	0.0	139	1.91605140127e-05
121	71	0.0	78	0.0	67	0.0	83	0.0	150	0.0	136	0.0	136	0.0	9	5.65610859729e-06	133	0.0	127	0.0	141	0.000314511056273	173	0.000290804263443	168	2.44813024053e-05	138	0.0	161	0.0	158	0.0	154	0.0	180	0.0	165	0.0	147	0.000585055998217	162	0.000358879577958	176	0.0	165	0.0	166	0.0	123	0.0	71	0.0	117	3.67920293748e-05	24	8.13954434831e-06	146	0.0	139	0.0	151	0.000468164794007	119	0.0004748378344	124	0.0	121	1.91605140127e-05
122	70	0.0	77	0.0	66	0.0	82	0.0	149	0.0	135	0.0	134	0.0	185	0.0	131	0.0	126	0.0	83	0.000314511056273	136	0.000290804263443	92	2.44813024053e-05	137	0.0	158	0.0	155	0.0	153	0.0	178	0.0	161	0.0	131	0.000585055998217	135	0.00034093559906	175	0.0	164	0.0	164	0.0	121	0.0	70	0.0	112	3.67920293748e-05	184	0.0	144	0.0	138	0.0	37	0.000447809802964	81	0.0004748378344	123	0.0	112	1.91605140127e-05
123	69	0.0	76	0.0	65	0.0	81	0.0	148	0.0	134	0.0	131	0.0	184	0.0	129	0.0	125	0.0	45	0.000302414477186	103	0.000265516936187	82	2.44813024053e-05	135	0.0	157	0.0	150	0.0	150	0.0	177	0.0	160	0.0	152	0.000529336379339	78	0.00034093559906	174	0.0	161	0.0	161	0.0	119	0.0	69	0.0	22	3.67920293748e-05	183	0.0	143	0.0	136	0.0	183	0.00042745481192	169	0.000466358587357	121	0.0	83	1.91605140127e-05
124	68	0.0	75	0.0	64	0.0	80	0.0	147	0.0	131	0.0	130	0.0	180	0.0	128	0.0	124	0.0	60	0.000290317898098	59	0.000227585945304	148	1.22406512026e-05	134	0.0	153	0.0	149	0.0	149	0.0	176	0.0	159	0.0	100	0.000529336379339	182	0.000322991620162	171	0.0	159	0.0	159	0.0	118	0.0	68	0.0	16	3.67920293748e-05	181	0.0	141	0.0	134	0.0	116	0.00042745481192	172	0.000449400093272	119	0.0	72	1.91605140127e-05
125	67	0.0	74	0.0	63	0.0	79	0.0	144	0.0	129	0.0	129	0.0	178	0.0	127	0.0	123	0.0	24	0.000290317898098	184	0.000214942281676	108	1.22406512026e-05	133	0.0	152	0.0	148	0.0	148	0.0	175	0.0	158	0.0	57	0.0005014765699	88	0.000305047641264	170	0.0	158	0.0	158	0.0	117	0.0	67	0.0	152	2.94336234998e-05	180	0.0	140	0.0	133	0.0	96	0.00042745481192	128	0.000440920846229	118	0.0	178	1.27736760085e-05
126	66	0.0	73	0.0	62	0.0	78	0.0	143	0.0	126	0.0	127	0.0	176	0.0	126	0.0	122	0.0	170	0.000278221319011	174	0.000214942281676	74	1.22406512026e-05	131	0.0	150	0.0	147	0.0	147	0.0	174	0.0	154	0.0	1	0.0005014765699	74	0.000305047641264	169	0.0	156	0.0	156	0.0	116	0.0	66	0.0	90	2.94336234998e-05	178	0.0	139	0.0	131	0.0	14	0.00042745481192	3	0.000423962352143	116	0.0	166	1.27736760085e-05
127	65	0.0	72	0.0	61	0.0	77	0.0	142	0.0	125	0.0	126	0.0	174	0.0	125	0.0	121	0.0	173	0.000266124739924	88	0.000214942281676	72	1.22406512026e-05	130	0.0	149	0.0	146	0.0	146	0.0	171	0.0	153	0.0	176	0.000473616760461	61	0.000305047641264	166	0.0	149	0.0	155	0.0	115	0.0	65	0.0	89	2.94336234998e-05	176	0.0	136	0.0	129	0.0	5	0.00042745481192	126	0.000390045363972	115	0.0	144	1.27736760085e-05
128	64	0.0	71	0.0	60	0.0	74	0.0	141	0.0	124	0.0	125	0.0	173	0.0	124	0.0	118	0.0	136	0.000254028160836	176	0.000202298618048	52	1.22406512026e-05	129	0.0	148	0.0	144	0.0	144	0.0	170	0.0	150	0.0	59	0.000459686855742	125	0.000287103662366	164	0.0	147	0.0	153	0.0	114	0.0	64	0.0	83	2.94336234998e-05	175	0.0	135	0.0	127	0.0	132	0.000407099820876	18	0.000390045363972	113	0.0	131	1.27736760085e-05
129	63	0.0	70	0.0	59	0.0	72	0.0	140	0.0	123	0.0	124	0.0	170	0.0	123	0.0	117	0.0	135	0.000241931581749	78	0.000202298618048	38	1.22406512026e-05	128	0.0	147	0.0	140	0.0	140	0.0	169	0.0	147	0.0	4	0.000390037332145	176	0.000269159683468	161	0.0	145	0.0	152	0.0	113	0.0	63	0.0	182	2.20752176249e-05	174	0.0	134	0.0	126	0.0	121	0.000407099820876	117	0.000373086869886	112	0.0	128	1.27736760085e-05
130	62	0.0	68	0.0	58	0.0	71	0.0	139	0.0	122	0.0	123	0.0	169	0.0	121	0.0	116	0.0	134	0.000229835002661	0	0.000202298618048	25	1.22406512026e-05	127	0.0	144	0.0	139	0.0	139	0.0	168	0.0	146	0.0	181	0.000362177522706	165	0.000197383767877	159	0.0	144	0.0	150	0.0	112	0.0	62	0.0	176	2.20752176249e-05	173	0.0	131	0.0	125	0.0	117	0.000386744829832	5	0.000373086869886	110	0.0	115	1.27736760085e-05
131	61	0.0	67	0.0	57	0.0	70	0.0	138	0.0	121	0.0	122	0.0	165	0.0	118	0.0	115	0.0	59	0.000229835002661	141	0.00018965495442	24	1.22406512026e-05	126	0.0	142	0.0	138	0.0	138	0.0	167	0.0	144	0.0	135	0.000362177522706	181	0.000179439788979	158	0.0	140	0.0	149	0.0	109	0.0	61	0.0	141	2.20752176249e-05	170	0.0	129	0.0	124	0.0	142	0.000325679856701	151	0.0003561283758	109	0.0	103	1.27736760085e-05
132	60	0.0	66	0.0	56	0.0	69	0.0	136	0.0	118	0.0	121	0.0	164	0.0	116	0.0	114	0.0	40	0.000229835002661	92	0.00018965495442	3	1.22406512026e-05	125	0.0	140	0.0	136	0.0	136	0.0	166	0.0	143	0.0	162	0.000348247617986	119	0.000179439788979	155	0.0	139	0.0	148	0.0	107	0.0	60	0.0	93	2.20752176249e-05	169	0.0	128	0.0	123	0.0	18	0.000305324865657	40	0.000339169881715	108	0.0	95	1.27736760085e-05
133	59	0.0	65	0.0	55	0.0	68	0.0	134	0.0	115	0.0	120	0.0	160	0.0	115	0.0	113	0.0	96	0.000205641844486	89	0.00018965495442	184	0.0	124	0.0	139	0.0	135	0.0	135	0.0	164	0.0	141	0.0	17	0.000348247617986	144	0.000161495810081	152	0.0	136	0.0	147	0.0	106	0.0	59	0.0	87	2.20752176249e-05	168	0.0	126	0.0	122	0.0	4	0.000305324865657	96	0.000330690634672	107	0.0	91	1.27736760085e-05
134	58	0.0	64	0.0	54	0.0	67	0.0	133	0.0	114	0.0	119	0.0	158	0.0	114	0.0	112	0.0	167	0.000193545265399	82	0.00018965495442	181	0.0	123	0.0	138	0.0	133	0.0	134	0.0	160	0.0	139	0.0	160	0.000334317713267	37	0.000161495810081	144	0.0	134	0.0	144	0.0	105	0.0	58	0.0	74	2.20752176249e-05	166	0.0	125	0.0	121	0.0	66	0.000284969874613	106	0.000305252893543	106	0.0	52	1.27736760085e-05
135	57	0.0	63	0.0	53	0.0	66	0.0	131	0.0	113	0.0	118	0.0	157	0.0	113	0.0	110	0.0	123	0.000181448686312	154	0.000177011290792	180	0.0	122	0.0	136	0.0	131	0.0	131	0.0	159	0.0	138	0.0	74	0.000292527999108	56	0.000125607852285	141	0.0	131	0.0	141	0.0	104	0.0	57	0.0	148	1.47168117499e-05	164	0.0	124	0.0	120	0.0	152	0.000223904901482	108	0.000245898164243	105	0.0	35	1.27736760085e-05
136	56	0.0	62	0.0	52	0.0	65	0.0	129	0.0	112	0.0	116	0.0	156	0.0	109	0.0	109	0.0	162	0.000169352107224	14	0.000177011290792	178	0.0	121	0.0	135	0.0	129	0.0	129	0.0	158	0.0	131	0.0	60	0.000292527999108	50	0.000125607852285	140	0.0	129	0.0	140	0.0	103	0.0	56	0.0	128	1.47168117499e-05	158	0.0	123	0.0	117	0.0	106	0.000223904901482	112	0.0002374189172	104	0.0	181	6.38683800424e-06
137	55	0.0	61	0.0	51	0.0	64	0.0	126	0.0	109	0.0	115	0.0	151	0.0	108	0.0	107	0.0	184	0.000145158949049	123	0.000151723963536	177	0.0	116	0.0	134	0.0	126	0.0	126	0.0	155	0.0	129	0.0	94	0.00025073828495	167	0.000107663873387	139	0.0	126	0.0	138	0.0	101	0.0	55	0.0	92	1.47168117499e-05	156	0.0	122	0.0	115	0.0	47	0.000223904901482	132	0.000211981176072	102	0.0	173	6.38683800424e-06
138	54	0.0	60	0.0	50	0.0	63	0.0	125	0.0	107	0.0	114	0.0	150	0.0	107	0.0	105	0.0	79	0.000145158949049	96	0.000139080299908	175	0.0	114	0.0	131	0.0	125	0.0	125	0.0	154	0.0	126	0.0	78	0.000236808380231	154	0.000107663873387	138	0.0	125	0.0	135	0.0	100	0.0	54	0.0	72	1.47168117499e-05	155	0.0	121	0.0	113	0.0	126	0.000203549910438	181	0.000152626446772	99	0.0	122	6.38683800424e-06
139	53	0.0	59	0.0	49	0.0	62	0.0	124	0.0	105	0.0	112	0.0	147	0.0	105	0.0	104	0.0	42	0.000145158949049	162	0.00012643663628	174	0.0	113	0.0	130	0.0	124	0.0	124	0.0	152	0.0	125	0.0	125	0.000208948570792	153	8.97198944894e-05	136	0.0	124	0.0	134	0.0	99	0.0	53	0.0	42	1.47168117499e-05	150	0.0	120	0.0	112	0.0	59	0.000203549910438	76	0.000152626446772	98	0.0	114	6.38683800424e-06
140	52	0.0	58	0.0	48	0.0	61	0.0	123	0.0	104	0.0	108	0.0	143	0.0	104	0.0	103	0.0	88	0.000133062369962	161	0.00012643663628	167	0.0	112	0.0	126	0.0	118	0.0	123	0.0	150	0.0	124	0.0	155	0.000195018666072	180	7.17759155915e-05	134	0.0	123	0.0	131	0.0	96	0.0	52	0.0	36	1.47168117499e-05	149	0.0	119	0.0	110	0.0	145	0.00016283992835	66	0.000152626446772	97	0.0	106	6.38683800424e-06
141	51	0.0	56	0.0	47	0.0	60	0.0	122	0.0	103	0.0	107	0.0	140	0.0	103	0.0	99	0.0	0	0.000133062369962	71	0.00012643663628	164	0.0	111	0.0	125	0.0	116	0.0	122	0.0	149	0.0	123	0.0	92	0.000139299047195	124	7.17759155915e-05	133	0.0	122	0.0	130	0.0	95	0.0	51	0.0	170	7.35840587495e-06	148	0.0	116	0.0	108	0.0	50	0.00016283992835	145	0.000135667952686	96	0.0	85	6.38683800424e-06
142	50	0.0	55	0.0	46	0.0	59	0.0	121	0.0	100	0.0	106	0.0	138	0.0	95	0.0	95	0.0	159	0.000120965790874	164	0.000113792972652	158	0.0	108	0.0	124	0.0	115	0.0	121	0.0	148	0.0	122	0.0	56	0.000139299047195	122	7.17759155915e-05	131	0.0	121	0.0	129	0.0	94	0.0	50	0.0	168	7.35840587495e-06	147	0.0	115	0.0	107	0.0	156	0.000122129946263	156	0.000110230211557	95	0.0	79	6.38683800424e-06
143	49	0.0	54	0.0	44	0.0	58	0.0	119	0.0	99	0.0	105	0.0	137	0.0	93	0.0	94	0.0	154	0.000120965790874	157	0.000113792972652	155	0.0	107	0.0	123	0.0	112	0.0	120	0.0	147	0.0	118	0.0	37	0.000139299047195	152	5.38319366936e-05	129	0.0	120	0.0	126	0.0	93	0.0	49	0.0	155	7.35840587495e-06	145	0.0	113	0.0	105	0.0	12	0.000122129946263	148	0.000110230211557	93	0.0	43	6.38683800424e-06
144	48	0.0	53	0.0	43	0.0	56	0.0	115	0.0	98	0.0	104	0.0	136	0.0	92	0.0	93	0.0	71	0.000120965790874	120	0.000101149309024	150	0.0	105	0.0	122	0.0	111	0.0	118	0.0	146	0.0	117	0.0	167	0.000125369142475	134	5.38319366936e-05	126	0.0	118	0.0	125	0.0	92	0.0	48	0.0	136	7.35840587495e-06	144	0.0	112	0.0	104	0.0	135	0.000101774955219	50	0.000110230211557	91	0.0	38	6.38683800424e-06
145	47	0.0	52	0.0	42	0.0	55	0.0	113	0.0	96	0.0	103	0.0	135	0.0	91	0.0	92	0.0	176	0.000108869211787	50	0.000101149309024	149	0.0	104	0.0	121	0.0	107	0.0	116	0.0	144	0.0	115	0.0	185	0.000111439237756	80	5.38319366936e-05	125	0.0	112	0.0	124	0.0	91	0.0	47	0.0	121	7.35840587495e-06	141	0.0	110	0.0	99	0.0	127	0.000101774955219	116	6.78339763429e-05	89	0.0	185	0.0
146	46	0.0	51	0.0	41	0.0	54	0.0	112	0.0	93	0.0	98	0.0	130	0.0	90	0.0	91	0.0	89	0.000108869211787	45	0.000101149309024	147	0.0	103	0.0	120	0.0	105	0.0	110	0.0	141	0.0	113	0.0	119	0.000111439237756	171	3.58879577958e-05	124	0.0	107	0.0	123	0.0	90	0.0	46	0.0	98	7.35840587495e-06	140	0.0	109	0.0	98	0.0	124	0.000101774955219	104	6.78339763429e-05	87	0.0	184	0.0
147	45	0.0	50	0.0	40	0.0	53	0.0	108	0.0	91	0.0	97	0.0	129	0.0	89	0.0	90	0.0	50	0.000108869211787	167	8.85056453958e-05	144	0.0	101	0.0	118	0.0	104	0.0	109	0.0	140	0.0	112	0.0	154	9.75093330362e-05	170	3.58879577958e-05	123	0.0	105	0.0	121	0.0	87	0.0	45	0.0	97	7.35840587495e-06	139	0.0	108	0.0	93	0.0	39	0.000101774955219	162	5.93547293e-05	86	0.0	180	0.0
148	44	0.0	49	0.0	39	0.0	52	0.0	107	0.0	89	0.0	95	0.0	126	0.0	87	0.0	88	0.0	126	9.67726326995e-05	125	8.85056453958e-05	141	0.0	99	0.0	116	0.0	103	0.0	108	0.0	137	0.0	107	0.0	180	8.35794283167e-05	149	3.58879577958e-05	121	0.0	104	0.0	119	0.0	86	0.0	44	0.0	77	7.35840587495e-06	134	0.0	105	0.0	92	0.0	9	8.14199641752e-05	130	5.08754822572e-05	84	0.0	175	0.0
149	43	0.0	48	0.0	38	0.0	51	0.0	105	0.0	86	0.0	94	0.0	125	0.0	86	0.0	86	0.0	164	7.25794745246e-05	170	7.58619817678e-05	138	0.0	96	0.0	115	0.0	98	0.0	107	0.0	136	0.0	106	0.0	103	8.35794283167e-05	103	3.58879577958e-05	120	0.0	99	0.0	118	0.0	83	0.0	43	0.0	180	0.0	131	0.0	104	0.0	91	0.0	98	6.10649731314e-05	92	5.08754822572e-05	83	0.0	174	0.0
150	42	0.0	47	0.0	37	0.0	50	0.0	104	0.0	85	0.0	93	0.0	124	0.0	85	0.0	85	0.0	101	6.04828954372e-05	79	7.58619817678e-05	135	0.0	93	0.0	110	0.0	97	0.0	105	0.0	134	0.0	105	0.0	101	6.96495235973e-05	101	3.58879577958e-05	119	0.0	95	0.0	113	0.0	82	0.0	42	0.0	179	0.0	128	0.0	103	0.0	90	0.0	11	6.10649731314e-05	63	5.08754822572e-05	82	0.0	171	0.0
151	41	0.0	46	0.0	36	0.0	49	0.0	103	0.0	84	0.0	91	0.0	123	0.0	84	0.0	84	0.0	70	4.83863163497e-05	153	6.32183181399e-05	134	0.0	91	0.0	108	0.0	96	0.0	104	0.0	131	0.0	104	0.0	124	5.57196188778e-05	94	3.58879577958e-05	118	0.0	93	0.0	112	0.0	81	0.0	41	0.0	178	0.0	126	0.0	99	0.0	89	0.0	167	4.07099820876e-05	59	5.08754822572e-05	81	0.0	169	0.0
152	40	0.0	45	0.0	35	0.0	46	0.0	100	0.0	83	0.0	90	0.0	122	0.0	83	0.0	83	0.0	82	3.62897372623e-05	137	6.32183181399e-05	131	0.0	90	0.0	107	0.0	93	0.0	99	0.0	129	0.0	101	0.0	79	5.57196188778e-05	92	3.58879577958e-05	110	0.0	92	0.0	109	0.0	79	0.0	40	0.0	174	0.0	125	0.0	98	0.0	86	0.0	162	4.07099820876e-05	25	5.08754822572e-05	78	0.0	164	0.0
153	39	0.0	43	0.0	34	0.0	45	0.0	98	0.0	82	0.0	89	0.0	121	0.0	82	0.0	82	0.0	77	3.62897372623e-05	126	6.32183181399e-05	129	0.0	89	0.0	105	0.0	92	0.0	95	0.0	128	0.0	95	0.0	153	4.17897141584e-05	60	3.58879577958e-05	109	0.0	91	0.0	107	0.0	78	0.0	39	0.0	173	0.0	123	0.0	91	0.0	85	0.0	148	4.07099820876e-05	12	4.23962352143e-05	77	0.0	159	0.0
154	38	0.0	42	0.0	33	0.0	43	0.0	93	0.0	78	0.0	86	0.0	118	0.0	79	0.0	78	0.0	62	3.62897372623e-05	159	5.05746545119e-05	126	0.0	86	0.0	104	0.0	91	0.0	93	0.0	125	0.0	93	0.0	107	4.17897141584e-05	59	3.58879577958e-05	107	0.0	90	0.0	106	0.0	77	0.0	38	0.0	169	0.0	121	0.0	89	0.0	84	0.0	138	4.07099820876e-05	7	4.23962352143e-05	76	0.0	158	0.0
155	37	0.0	39	0.0	32	0.0	42	0.0	91	0.0	77	0.0	85	0.0	115	0.0	78	0.0	77	0.0	58	3.62897372623e-05	70	5.05746545119e-05	125	0.0	85	0.0	103	0.0	90	0.0	92	0.0	124	0.0	91	0.0	177	2.78598094389e-05	7	3.58879577958e-05	105	0.0	85	0.0	105	0.0	76	0.0	37	0.0	166	0.0	118	0.0	87	0.0	82	0.0	104	4.07099820876e-05	167	2.54377411286e-05	75	0.0	152	0.0
156	36	0.0	37	0.0	31	0.0	41	0.0	89	0.0	75	0.0	82	0.0	108	0.0	76	0.0	76	0.0	35	3.62897372623e-05	42	5.05746545119e-05	124	0.0	84	0.0	99	0.0	86	0.0	91	0.0	123	0.0	86	0.0	50	2.78598094389e-05	100	1.79439788979e-05	104	0.0	84	0.0	104	0.0	75	0.0	36	0.0	162	0.0	114	0.0	86	0.0	78	0.0	7	4.07099820876e-05	177	1.69584940857e-05	74	0.0	150	0.0
157	35	0.0	36	0.0	30	0.0	40	0.0	86	0.0	74	0.0	81	0.0	107	0.0	74	0.0	74	0.0	29	3.62897372623e-05	29	5.05746545119e-05	122	0.0	83	0.0	98	0.0	85	0.0	89	0.0	122	0.0	85	0.0	91	1.39299047195e-05	62	1.79439788979e-05	103	0.0	83	0.0	99	0.0	74	0.0	35	0.0	159	0.0	112	0.0	84	0.0	77	0.0	179	2.03549910438e-05	136	1.69584940857e-05	72	0.0	148	0.0
158	34	0.0	35	0.0	29	0.0	39	0.0	85	0.0	73	0.0	79	0.0	105	0.0	73	0.0	73	0.0	153	2.41931581749e-05	180	3.79309908839e-05	119	0.0	82	0.0	93	0.0	84	0.0	86	0.0	116	0.0	83	0.0	183	0.0	28	1.79439788979e-05	100	0.0	82	0.0	98	0.0	72	0.0	34	0.0	158	0.0	111	0.0	82	0.0	76	0.0	130	2.03549910438e-05	124	1.69584940857e-05	71	0.0	147	0.0
159	33	0.0	34	0.0	28	0.0	38	0.0	84	0.0	72	0.0	76	0.0	104	0.0	72	0.0	72	0.0	22	2.41931581749e-05	62	3.79309908839e-05	118	0.0	79	0.0	91	0.0	83	0.0	85	0.0	114	0.0	82	0.0	178	0.0	22	1.79439788979e-05	99	0.0	81	0.0	93	0.0	71	0.0	33	0.0	150	0.0	109	0.0	78	0.0	74	0.0	105	2.03549910438e-05	184	8.47924704286e-06	70	0.0	143	0.0
160	32	0.0	33	0.0	27	0.0	37	0.0	83	0.0	71	0.0	74	0.0	98	0.0	71	0.0	71	0.0	137	1.20965790874e-05	143	2.52873272559e-05	113	0.0	78	0.0	89	0.0	82	0.0	84	0.0	113	0.0	79	0.0	174	0.0	17	1.79439788979e-05	98	0.0	78	0.0	92	0.0	70	0.0	32	0.0	149	0.0	107	0.0	77	0.0	73	0.0	92	2.03549910438e-05	179	8.47924704286e-06	68	0.0	141	0.0
161	31	0.0	31	0.0	26	0.0	35	0.0	82	0.0	70	0.0	72	0.0	95	0.0	70	0.0	68	0.0	91	1.20965790874e-05	101	2.52873272559e-05	111	0.0	77	0.0	86	0.0	81	0.0	83	0.0	112	0.0	78	0.0	170	0.0	4	1.79439788979e-05	95	0.0	77	0.0	91	0.0	68	0.0	31	0.0	147	0.0	106	0.0	74	0.0	72	0.0	76	2.03549910438e-05	159	8.47924704286e-06	67	0.0	140	0.0
162	30	0.0	29	0.0	25	0.0	34	0.0	81	0.0	69	0.0	71	0.0	91	0.0	69	0.0	67	0.0	78	1.20965790874e-05	58	2.52873272559e-05	107	0.0	74	0.0	85	0.0	79	0.0	82	0.0	111	0.0	77	0.0	159	0.0	3	1.79439788979e-05	93	0.0	76	0.0	86	0.0	67	0.0	30	0.0	144	0.0	105	0.0	73	0.0	71	0.0	184	0.0	138	8.47924704286e-06	66	0.0	134	0.0
163	29	0.0	28	0.0	24	0.0	33	0.0	78	0.0	68	0.0	70	0.0	89	0.0	68	0.0	64	0.0	39	1.20965790874e-05	39	2.52873272559e-05	105	0.0	73	0.0	84	0.0	78	0.0	77	0.0	104	0.0	76	0.0	158	0.0	183	0.0	92	0.0	74	0.0	85	0.0	66	0.0	29	0.0	143	0.0	96	0.0	72	0.0	70	0.0	181	0.0	135	8.47924704286e-06	61	0.0	127	0.0
164	28	0.0	27	0.0	23	0.0	32	0.0	77	0.0	67	0.0	66	0.0	86	0.0	67	0.0	61	0.0	9	1.20965790874e-05	34	2.52873272559e-05	104	0.0	72	0.0	83	0.0	77	0.0	72	0.0	97	0.0	74	0.0	149	0.0	178	0.0	89	0.0	72	0.0	83	0.0	61	0.0	28	0.0	138	0.0	95	0.0	71	0.0	68	0.0	177	0.0	111	8.47924704286e-06	58	0.0	125	0.0
165	27	0.0	26	0.0	22	0.0	29	0.0	75	0.0	66	0.0	61	0.0	85	0.0	66	0.0	59	0.0	7	1.20965790874e-05	25	2.52873272559e-05	93	0.0	71	0.0	78	0.0	72	0.0	71	0.0	95	0.0	72	0.0	144	0.0	177	0.0	86	0.0	71	0.0	82	0.0	60	0.0	27	0.0	134	0.0	93	0.0	70	0.0	67	0.0	175	0.0	98	8.47924704286e-06	56	0.0	124	0.0
166	25	0.0	25	0.0	21	0.0	28	0.0	74	0.0	64	0.0	59	0.0	84	0.0	61	0.0	58	0.0	180	0.0	9	2.52873272559e-05	91	0.0	70	0.0	74	0.0	71	0.0	67	0.0	93	0.0	71	0.0	134	0.0	174	0.0	85	0.0	70	0.0	81	0.0	56	0.0	26	0.0	129	0.0	92	0.0	68	0.0	66	0.0	159	0.0	79	8.47924704286e-06	54	0.0	123	0.0
167	24	0.0	24	0.0	20	0.0	27	0.0	73	0.0	61	0.0	57	0.0	79	0.0	58	0.0	56	0.0	178	0.0	175	1.2643663628e-05	85	0.0	68	0.0	73	0.0	70	0.0	66	0.0	91	0.0	70	0.0	123	0.0	159	0.0	83	0.0	68	0.0	78	0.0	55	0.0	25	0.0	125	0.0	87	0.0	67	0.0	64	0.0	155	0.0	58	8.47924704286e-06	53	0.0	118	0.0
168	23	0.0	22	0.0	19	0.0	26	0.0	72	0.0	58	0.0	52	0.0	78	0.0	55	0.0	55	0.0	175	0.0	22	1.2643663628e-05	84	0.0	67	0.0	72	0.0	68	0.0	58	0.0	90	0.0	68	0.0	122	0.0	158	0.0	82	0.0	61	0.0	77	0.0	54	0.0	24	0.0	123	0.0	85	0.0	66	0.0	61	0.0	143	0.0	39	8.47924704286e-06	52	0.0	107	0.0
169	22	0.0	21	0.0	18	0.0	25	0.0	70	0.0	55	0.0	47	0.0	76	0.0	53	0.0	52	0.0	158	0.0	7	1.2643663628e-05	83	0.0	66	0.0	71	0.0	67	0.0	55	0.0	85	0.0	64	0.0	111	0.0	155	0.0	79	0.0	55	0.0	74	0.0	52	0.0	23	0.0	122	0.0	84	0.0	64	0.0	60	0.0	141	0.0	15	8.47924704286e-06	51	0.0	105	0.0
170	21	0.0	20	0.0	17	0.0	24	0.0	68	0.0	52	0.0	46	0.0	75	0.0	52	0.0	47	0.0	155	0.0	178	0.0	81	0.0	64	0.0	68	0.0	64	0.0	52	0.0	84	0.0	61	0.0	105	0.0	123	0.0	77	0.0	52	0.0	72	0.0	47	0.0	22	0.0	118	0.0	82	0.0	61	0.0	55	0.0	140	0.0	175	0.0	46	0.0	104	0.0
171	20	0.0	19	0.0	16	0.0	22	0.0	67	0.0	51	0.0	43	0.0	74	0.0	47	0.0	46	0.0	143	0.0	158	0.0	71	0.0	61	0.0	64	0.0	61	0.0	50	0.0	82	0.0	58	0.0	93	0.0	111	0.0	76	0.0	47	0.0	71	0.0	46	0.0	21	0.0	116	0.0	78	0.0	55	0.0	46	0.0	136	0.0	155	0.0	45	0.0	93	0.0
172	19	0.0	18	0.0	15	0.0	21	0.0	64	0.0	46	0.0	42	0.0	73	0.0	46	0.0	45	0.0	140	0.0	155	0.0	70	0.0	58	0.0	61	0.0	55	0.0	46	0.0	79	0.0	56	0.0	83	0.0	107	0.0	74	0.0	46	0.0	70	0.0	45	0.0	19	0.0	115	0.0	77	0.0	46	0.0	43	0.0	118	0.0	143	0.0	43	0.0	82	0.0
173	18	0.0	17	0.0	14	0.0	20	0.0	61	0.0	43	0.0	39	0.0	71	0.0	43	0.0	43	0.0	125	0.0	140	0.0	68	0.0	55	0.0	58	0.0	52	0.0	43	0.0	78	0.0	55	0.0	72	0.0	105	0.0	73	0.0	43	0.0	68	0.0	43	0.0	18	0.0	107	0.0	74	0.0	43	0.0	42	0.0	111	0.0	141	0.0	38	0.0	78	0.0
174	17	0.0	16	0.0	13	0.0	19	0.0	60	0.0	42	0.0	38	0.0	70	0.0	42	0.0	42	0.0	122	0.0	122	0.0	66	0.0	46	0.0	52	0.0	48	0.0	42	0.0	77	0.0	54	0.0	68	0.0	93	0.0	71	0.0	42	0.0	67	0.0	42	0.0	17	0.0	105	0.0	72	0.0	42	0.0	41	0.0	82	0.0	140	0.0	36	0.0	77	0.0
175	16	0.0	15	0.0	12	0.0	18	0.0	58	0.0	38	0.0	37	0.0	66	0.0	38	0.0	41	0.0	120	0.0	111	0.0	62	0.0	43	0.0	46	0.0	46	0.0	36	0.0	70	0.0	52	0.0	62	0.0	91	0.0	70	0.0	38	0.0	64	0.0	38	0.0	16	0.0	104	0.0	71	0.0	41	0.0	38	0.0	79	0.0	118	0.0	35	0.0	74	0.0
176	15	0.0	14	0.0	11	0.0	16	0.0	55	0.0	36	0.0	36	0.0	61	0.0	37	0.0	38	0.0	111	0.0	107	0.0	58	0.0	42	0.0	43	0.0	43	0.0	34	0.0	68	0.0	47	0.0	47	0.0	83	0.0	68	0.0	36	0.0	58	0.0	37	0.0	15	0.0	101	0.0	70	0.0	38	0.0	37	0.0	70	0.0	105	0.0	33	0.0	71	0.0
177	14	0.0	10	0.0	10	0.0	14	0.0	42	0.0	34	0.0	35	0.0	58	0.0	35	0.0	37	0.0	107	0.0	105	0.0	46	0.0	38	0.0	42	0.0	42	0.0	33	0.0	62	0.0	46	0.0	46	0.0	79	0.0	64	0.0	35	0.0	46	0.0	33	0.0	14	0.0	85	0.0	68	0.0	37	0.0	36	0.0	62	0.0	82	0.0	31	0.0	70	0.0
178	13	0.0	9	0.0	9	0.0	12	0.0	38	0.0	32	0.0	33	0.0	52	0.0	34	0.0	36	0.0	105	0.0	93	0.0	43	0.0	36	0.0	38	0.0	38	0.0	28	0.0	59	0.0	43	0.0	43	0.0	72	0.0	61	0.0	34	0.0	45	0.0	32	0.0	13	0.0	82	0.0	67	0.0	36	0.0	34	0.0	61	0.0	70	0.0	30	0.0	68	0.0
179	12	0.0	8	0.0	8	0.0	9	0.0	36	0.0	30	0.0	30	0.0	46	0.0	33	0.0	35	0.0	93	0.0	91	0.0	42	0.0	29	0.0	36	0.0	36	0.0	25	0.0	56	0.0	38	0.0	39	0.0	68	0.0	55	0.0	33	0.0	43	0.0	28	0.0	12	0.0	70	0.0	52	0.0	34	0.0	33	0.0	58	0.0	62	0.0	29	0.0	61	0.0
180	11	0.0	7	0.0	7	0.0	7	0.0	34	0.0	28	0.0	29	0.0	43	0.0	32	0.0	34	0.0	72	0.0	77	0.0	39	0.0	28	0.0	28	0.0	34	0.0	24	0.0	39	0.0	34	0.0	35	0.0	47	0.0	47	0.0	30	0.0	38	0.0	25	0.0	11	0.0	68	0.0	46	0.0	33	0.0	32	0.0	46	0.0	61	0.0	25	0.0	46	0.0
181	10	0.0	6	0.0	6	0.0	6	0.0	28	0.0	27	0.0	27	0.0	42	0.0	28	0.0	31	0.0	68	0.0	72	0.0	36	0.0	24	0.0	24	0.0	32	0.0	22	0.0	28	0.0	33	0.0	28	0.0	46	0.0	46	0.0	28	0.0	37	0.0	19	0.0	10	0.0	46	0.0	43	0.0	30	0.0	28	0.0	43	0.0	46	0.0	24	0.0	42	0.0
182	9	0.0	5	0.0	5	0.0	5	0.0	24	0.0	25	0.0	25	0.0	37	0.0	25	0.0	28	0.0	46	0.0	68	0.0	35	0.0	16	0.0	22	0.0	25	0.0	16	0.0	24	0.0	29	0.0	22	0.0	43	0.0	43	0.0	25	0.0	34	0.0	16	0.0	9	0.0	43	0.0	42	0.0	28	0.0	27	0.0	42	0.0	43	0.0	22	0.0	28	0.0
183	8	0.0	4	0.0	4	0.0	3	0.0	18	0.0	24	0.0	24	0.0	36	0.0	24	0.0	27	0.0	43	0.0	46	0.0	15	0.0	15	0.0	19	0.0	24	0.0	15	0.0	22	0.0	28	0.0	15	0.0	39	0.0	42	0.0	24	0.0	28	0.0	15	0.0	8	0.0	39	0.0	30	0.0	25	0.0	25	0.0	35	0.0	42	0.0	19	0.0	25	0.0
184	7	0.0	3	0.0	3	0.0	2	0.0	16	0.0	16	0.0	18	0.0	34	0.0	22	0.0	19	0.0	34	0.0	43	0.0	12	0.0	9	0.0	18	0.0	16	0.0	12	0.0	19	0.0	16	0.0	9	0.0	35	0.0	33	0.0	22	0.0	22	0.0	11	0.0	7	0.0	35	0.0	29	0.0	24	0.0	24	0.0	25	0.0	35	0.0	16	0.0	24	0.0
185	6	0.0	2	0.0	1	0.0	1	0.0	15	0.0	15	0.0	16	0.0	28	0.0	16	0.0	16	0.0	28	0.0	35	0.0	9	0.0	7	0.0	16	0.0	15	0.0	11	0.0	16	0.0	15	0.0	7	0.0	15	0.0	15	0.0	16	0.0	19	0.0	9	0.0	6	0.0	15	0.0	16	0.0	16	0.0	16	0.0	22	0.0	22	0.0	15	0.0	15	0.0
186	4	0.0	0	0.0	0	0.0	0	0.0	12	0.0	8	0.0	15	0.0	16	0.0	15	0.0	15	0.0	25	0.0	28	0.0	7	0.0	3	0.0	15	0.0	9	0.0	8	0.0	9	0.0	9	0.0	3	0.0	9	0.0	8	0.0	15	0.0	15	0.0	3	0.0	5	0.0	9	0.0	15	0.0	11	0.0	15	0.0	15	0.0	9	0.0	9	0.0	9	0.0
