# OTU table (subset) for 34 samples and 80 OTUs (normalized abundances)
# Only OTUs of rank <= 10 in at least one sample are included
OTU	N14	N8	N9	S1	S10	S11	S12	S13	S14	S15	S2	S3	S4	S5	S6	S7	S8	S9	T1	T10	T11	T12	T13	T14	T15	T16	T2	T3	T4	T5	T6	T7	T8	T9
0	0.545454545455	0.0	0.0	0.0	0.363239772171	0.614658426379	0.181582847957	0.148602941176	0.413260707328	0.169142065215	0.000133062369962	0.000202298618048	0.274410918661	0.582838158731	0.436759430184	0.629706166686	0.00022166607079	0.58560827164	0.127546354037	0.0182760349919	0.0187514579483	0.484141200451	0.607443509083	0.304933946375	0.398776643885	0.0714285714286	0.348987115431	0.200411860944	0.127599861597	0.118668484054	0.00954649079954	0.00685971085768	0.612031451357	0.195328666684
1	0.0839160839161	0.240816326531	0.0	0.0	0.306819078273	0.144408131612	0.0491639005449	0.0241742081448	0.213138587088	0.222733572157	0.00281850292737	0.00152988329898	0.473517351123	0.0458199088061	0.508836334506	0.0649040806733	0.812828030032	0.232043707289	0.0114326099609	0.0005014765699	0.000412711514651	0.0649562223011	0.139816587389	0.644028169615	0.31174775562	0.214285714286	0.0879771006409	0.0910245244471	0.17396486102	0.05067150729	0.00177088422081	0.000890320939501	0.180863978485	0.524870347189
2	0.034965034965	0.0	0.666666666667	0.0	0.0643962701756	0.13027514224	0.597106532223	0.649010180995	0.276408501895	0.518722380566	0.000883050273383	0.000708045163166	0.0018605789828	0.0911046945897	0.00306502734144	0.00894005374675	2.86020736503e-05	0.000649558656036	0.624618418083	0.0113528723464	0.00798507060956	0.265090566562	0.173130136013	0.0130330658973	0.265289350768	0.5	0.247161494934	0.479004045354	0.358628492341	0.370611300961	0.00610649731314	0.00583372196549	0.0312926059429	0.0591612804333
3	0.104895104895	0.0	0.0	0.0	2.36663984475e-05	0.000482705684057	0.0239243439594	0.0590441176471	0.0117371119532	0.0107732133985	0.000653215270721	0.000442528226979	1.22406512026e-05	0.0	0.000195047194455	0.262782591729	0.000114408294601	3.55922551253e-05	0.0355272066422	0.0	1.79439788979e-05	0.0260967587517	0.0149472082661	0.00692159552015	0.0	0.0714285714286	0.0342092289126	3.25581773932e-05	0.00862821773206	0.00900510978611	0.0052515876893	0.000423962352143	0.0173972321312	2.5547352017e-05
4	0.0	0.0	0.0	0.025641025641	0.235409665357	0.0345886318855	0.00747374793846	0.00361990950226	0.0061835486591	0.00303323484036	0.0041370300479	0.00111264239926	0.000942530142604	0.0224528701546	0.00443035770262	0.0076629032115	0.1219806936	0.0103395501139	0.000623596906959	0.000390037332145	1.79439788979e-05	0.0804366960577	0.0092960266174	0.00488917630171	0.00889429828668	0.0714285714286	0.000412070728997	0.0235639808883	0.0396590453489	0.0132815679485	0.000305324865657	0.000797049222029	0.0756868311451	0.125475819431
5	0.223776223776	0.0	0.0	0.0	0.0114860920465	0.0503913081324	0.0156572931672	0.0401357466063	0.00692014693197	0.00194806892765	0.000629022112547	0.000581608526887	0.000110165860824	0.0111372479069	0.000202013165686	0.000195120220663	6.43546657133e-05	8.00825740319e-05	0.141930656024	0.00398395274976	0.00547291356385	0.0030574900786	0.00175554459501	0.000333998962471	0.000457718274402	0.0	0.0104195027189	0.0573105317564	0.00164216238185	0.00243538478434	0.00042745481192	0.000373086869886	0.000205442354743	0.000351276090233
6	0.0	0.0	0.0	0.0	0.0029740774049	0.00307032467892	0.0377445147283	0.00923642533937	0.021429194491	0.00453677797244	0.0114312672376	0.0146540061448	0.00023257237285	0.00534008182923	0.00262617115391	0.00498443472785	1.43010368252e-05	0.00843536446469	0.0301345781515	0.00768930740514	0.00159701412191	0.0125465186306	0.00145459409301	0.000255828992531	0.00471241768873	0.0	0.0622153216727	0.0124616423973	0.0129890101441	0.215463724395	0.00455951799381	0.00651206172892	0.00544422240069	0.00207572235138
7	0.0	0.0	0.0	0.0	0.000197219987062	7.12188714183e-05	0.00941525229118	0.00869343891403	0.00514649582756	0.0088643673352	1.20965790874e-05	1.2643663628e-05	0.0	0.0	0.000334366619066	7.09528075139e-05	2.86020736503e-05	0.000400412870159	0.000605779852475	0.0	3.58879577958e-05	0.0029107923223	0.00138771620368	0.000227403548917	0.000197651073037	0.0	0.000161884929249	0.00725233401434	0.0950696683271	0.0638884761726	4.07099820876e-05	4.23962352143e-05	0.00291354612181	0.000146897274098
8	0.0	0.0	0.0	0.102564102564	7.88879948249e-06	0.0	0.00665956869376	3.39366515837e-05	0.000135689155529	1.3074288105e-05	0.102699956452	0.118041243631	0.00193402289002	0.000512826229947	0.000195047194455	2.66073028177e-05	0.0	0.000231349658314	0.000148475454038	0.0239037164986	0.0156292056201	0.0	1.67194723335e-05	3.55318045182e-05	0.00013523494471	0.0	0.0311186984452	0.00196976973229	1.64765456373e-05	9.04386922565e-05	0.00126200944472	0.00192478907873	0.000354854976374	0.00164141736709
9	0.0	0.0	0.0	0.0	7.09991953425e-05	0.000403573604704	4.17527817791e-05	5.65610859729e-06	0.00546633455131	0.000732160133881	1.20965790874e-05	2.52873272559e-05	0.0	0.0	9.0557625997e-05	0.0	0.00251698248123	0.0	0.0	0.0	0.0	0.00127395419942	0.000225712876502	7.10636090364e-06	0.0	0.0	0.0	0.0011802339305	0.122305398266	0.0166730189081	8.14199641752e-05	0.0	0.0	0.0
10	0.0	0.0	0.0	0.0769230769231	8.67767943074e-05	0.000229483030126	0.00315233502432	0.000130090497738	0.000377991218973	2.614857621e-05	0.126276189094	0.117244692822	0.00897239733154	0.000178374340851	0.00012538748215	4.43455046962e-05	7.86557025384e-05	0.0150377277904	0.000178170544846	0.0237226277372	0.0180875307291	0.000138976821755	8.35973616673e-05	9.9489052651e-05	7.28188163822e-05	0.0	0.0184695987461	0.0035895390576	2.19687275164e-05	1.93797197693e-05	0.0377992183683	0.0495018442362	0.00327773938703	0.0025611220397
11	0.0	0.10612244898	0.0	0.025641025641	3.155519793e-05	1.58264158707e-05	0.0148431139225	0.0168042986425	0.00114366573946	0.000300708626415	0.012036096192	0.0131746975003	0.00182385702919	0.171607264295	0.000724461007976	0.000133036514089	0.0	1.77961275626e-05	5.34511634537e-05	0.0138463252911	0.0133503203	2.31628036258e-05	0.000242432348835	3.55318045182e-05	0.0	0.0	0.00350995960235	2.44186330449e-05	0.0	6.45990658975e-06	6.10649731314e-05	0.000627464281172	0.00157817081598	9.58025700636e-05
12	0.0	0.00408163265306	0.0	0.0	0.0	0.000522271723734	0.016262708503	0.00481900452489	0.000562140787191	0.00109824020082	0.000447573426235	0.000404597236095	0.0	0.000345600285399	6.96597123054e-06	0.000363633138509	0.0	0.00113895216401	0.00102151112378	0.00770323730986	0.0125607852285	0.000779814388734	0.000735656782672	0.000170552661687	3.12080641638e-05	0.0	0.0079912287802	0.047648892615	0.00433333150261	0.0778741739394	0.000122129946263	4.23962352143e-05	0.000691033375044	0.000498173364331
13	0.0	0.0938775510204	0.0	0.0769230769231	0.00287941181111	0.00103663023953	0.000647168117576	0.00289027149321	0.000678445777644	0.000758308710091	0.0543862195771	0.0534700534827	0.0313360670788	0.00409146144327	0.012719863467	0.00124167413149	0.0232105827673	0.00173512243736	0.000291011889914	0.0270936646793	0.0146243428018	0.00314242035856	0.000560102323171	0.00374505219622	0.000312080641638	0.0	0.00206771205086	0.00235232831666	0.00246049748183	0.00259042254249	0.045554469956	0.0413872048162	3.73531554078e-05	0.00322535319214
14	0.0	0.0	0.0	0.0	0.000260330382922	0.00815851738136	0.0101668023632	0.00317307692308	0.0171452940093	0.0396281672463	0.000399187109885	0.000177011290792	8.56845584185e-05	0.00251953756452	0.000243808993069	2.66073028177e-05	7.15051841258e-06	4.44903189066e-05	0.00260722897291	0.00129548113891	0.00157907014301	0.00741209716024	0.0242766738282	0.000746167894883	2.08053761092e-05	0.0	0.0110964760594	0.0151069943105	0.00012082800134	0.00164727618039	0.00042745481192	0.000746173739772	0.0459070279962	0.013584804435
15	0.0	0.0	0.0	0.0512820512821	0.0	0.0	0.0	5.65610859729e-06	0.0	0.0	0.0742488024387	0.0765826705946	0.0	0.0	0.0	0.0	0.0	8.89806378132e-06	0.0	0.0	0.0	0.0	0.0	0.0	0.0	0.0	0.0	0.0	5.4921818791e-06	0.0	0.0	8.47924704286e-06	0.0	0.0
16	0.0	0.0	0.0	0.0	0.0	0.0	0.0	0.0	0.0	0.0	0.000338704214448	0.000429884563351	3.67219536079e-05	0.0	0.0	0.0	0.0	0.0	0.0	0.000863654092606	0.000807479050405	7.72093454192e-06	0.0	2.13190827109e-05	0.0	0.0	3.67920293748e-05	0.0	0.0	0.0	0.0813996091842	0.0720735998643	0.0	6.38683800424e-05
17	0.0	0.0	0.0	0.025641025641	0.000402328773607	0.000245309445996	0.00292269472454	0.00117081447964	0.00389621718019	0.000588342964726	0.0129191464654	0.0117206761831	0.00749127853602	0.014671289535	7.66256835359e-05	0.00271394488741	7.15051841258e-06	0.000444903189066	0.00816614997209	0.000348247617986	1.79439788979e-05	0.000355162988928	0.00348600998152	0.000717742451268	0.000447315586348	0.0	0.02283313343	0.00813140480396	0.000928178737567	0.000678290191924	0.00307360364761	0.00825030737271	0.00496796966924	0.0127161944664
18	0.0	0.0	0.0	0.0	0.0	5.53924555476e-05	0.0	4.52488687783e-05	2.90762476133e-05	2.614857621e-05	0.0649586296995	0.051421779975	0.00151784074913	1.11483963032e-05	0.0	0.000487800551658	8.5806220951e-05	5.33883826879e-05	0.000724560215705	0.00104474285396	0.000699815177017	0.000501860745225	0.00099480860384	0.000149233578977	0.00114429568601	0.0	0.000529805222996	0.000105814076528	3.29530912746e-05	1.93797197693e-05	0.000305324865657	0.000390045363972	2.80148665559e-05	0.000651457476433
19	0.0	0.0	0.0	0.0	0.000418106372572	2.37396238061e-05	0.000835055635582	4.52488687783e-05	4.84604126889e-05	0.0	0.000749987903421	0.00087241279033	0.0224983169105	0.000423639059521	0.0	0.000824826387349	5.00536288881e-05	0.0	0.00137191319531	0.0471109377612	0.0350984227243	0.00115041924675	0.00199797694385	0.0	0.0	0.0	0.00116262812824	8.13954434831e-05	5.4921818791e-06	4.52193461283e-05	0.00747028171308	0.0101242209692	0.0	0.00282936923588
20	0.0	0.0	0.0	0.0	2.36663984475e-05	0.000292788693609	4.17527817791e-05	9.61538461538e-05	0.00133750739021	0.00135972596292	0.0148787922775	0.0136045820637	0.00107717730583	1.11483963032e-05	2.08979136916e-05	5.32146056354e-05	7.15051841258e-05	0.00120123861048	0.000706743161221	0.0412464478743	0.0325503777208	0.000687163174231	0.000267511557335	0.000135020857169	9.36241924913e-05	0.0714285714286	0.00255336683861	0.00091162896701	4.94296369119e-05	0.000180877384513	0.019072626608	0.024538940942	0.000112059466223	0.00143703855095
21	0.0	0.0	0.0	0.0	0.00056799356274	0.000435226436445	4.17527817791e-05	0.000113122171946	8.722874284e-05	0.000169965745365	0.00393138820342	0.00419769632449	0.00665891425424	0.000323303492793	0.00161610532549	0.000399109542266	0.00667858419735	0.000124572892938	0.000148475454038	0.00619880760016	0.0067828240234	0.00450902577248	0.00050994390617	0.00340394687285	0.00013523494471	0.0	0.000897725516744	0.000634884459168	0.000692014916766	0.00139533982339	0.0238764044944	0.024920507059	0.000298825243262	0.000645070638428
22	0.0	0.0	0.0	0.0	0.00158564869598	0.000253222653932	0.000626291726686	0.000147058823529	0.0	1.3074288105e-05	2.41931581749e-05	1.2643663628e-05	0.000208091070445	0.0333782985318	0.0	0.000133036514089	0.0	0.0	1.1878036323e-05	0.0	1.79439788979e-05	0.0021000941954	0.0	0.0	6.24161283276e-05	0.0	3.67920293748e-05	0.000643024003516	0.00400380058986	0.0376418756985	0.0	0.0	0.0	0.000306568224204
23	0.0	0.065306122449	0.0	0.0512820512821	0.00018933118758	0.000292788693609	0.000104381954448	0.00106900452489	6.78445777644e-05	9.15200167351e-05	0.00936275221367	0.00906550682126	0.00293775628863	0.000791536137527	0.000278638849222	0.00058536066199	0.00342509831963	0.000373718678815	0.0011105963962	0.018220315373	0.0344703834628	0.00158279158109	0.000785815199672	0.00023450990982	3.12080641638e-05	0.0	0.0035541100376	0.000691861269606	7.68905463073e-05	7.7518879077e-05	0.0286394723986	0.0213083478187	9.33828885195e-06	0.00058758909639
24	0.0	0.0	0.0	0.0	0.0	0.0	0.0	5.65610859729e-06	0.0	2.614857621e-05	0.000290317898098	0.000442528226979	1.22406512026e-05	0.0	0.0	0.0	0.0	0.0	2.37560726461e-05	0.0466094611913	0.0392793698075	1.54418690838e-05	0.0	7.10636090364e-06	1.04026880546e-05	0.0	0.000301694640873	8.13954434831e-06	0.0	0.0	0.0100757205667	0.0107516852503	0.0	0.0
25	0.0	0.0	0.0	0.0	7.88879948249e-05	0.0	0.0	3.9592760181e-05	0.0	7.84457286301e-05	0.0	2.52873272559e-05	1.22406512026e-05	0.000412490663218	0.000362230503988	0.0	0.0	0.000480495444191	0.00197175402962	0.0274837020115	0.0236681081663	7.72093454192e-06	0.0	0.000433488015122	0.0	0.0	0.0243121730108	0.00100116395484	0.0	0.0	0.0	5.08754822572e-05	0.0	0.0
26	0.00699300699301	0.0	0.0	0.0	0.000268219182405	0.000142437742837	4.17527817791e-05	0.000265837104072	0.000116304990453	0.00028763433831	0.0135844583152	0.0162091767711	0.0518024358896	0.00137125274529	0.00393577374525	0.00320174543906	0.00111548087236	0.000898704441913	0.000279133853591	0.0177049088984	0.0118968580093	0.00121218672308	0.000234072612668	0.00173395206049	0.000197651073037	0.0	0.00119206175174	0.00135930390617	0.000735952371799	0.00146639879587	0.0120501546979	0.0193666002459	2.80148665559e-05	0.000408757632271
27	0.0	0.0	0.0	0.0	3.94439974125e-05	0.0	0.0	0.000548642533937	2.90762476133e-05	0.0	0.00449992742053	0.00499424713305	0.000379460187282	0.00100335566729	0.000167183309533	8.86910093924e-05	0.000293171254916	0.000124572892938	0.000148475454038	0.0128712319608	0.0267185845789	0.000733488781482	0.000334389446669	0.000106595413555	3.12080641638e-05	0.0	0.000963951169619	0.000879070789617	1.09843637582e-05	0.0	0.0490555284156	0.0313223385763	2.80148665559e-05	0.000498173364331
28	0.0	0.0	0.0	0.0	0.0	0.0	0.000334022254233	0.0	0.0	0.0	0.0	0.0	0.00100373339862	0.0	0.0	8.86910093924e-06	0.0	0.0	0.0	0.0	1.79439788979e-05	5.40465417934e-05	0.0	0.0	0.0	0.0	0.000448862758372	8.13954434831e-06	0.0	0.0	0.0234082397004	0.0487641497435	2.80148665559e-05	0.0
29	0.0	0.0	0.0	0.0	0.000859879143592	7.12188714183e-05	0.0	0.000214932126697	7.75366603022e-05	0.000143817169155	3.62897372623e-05	5.05746545119e-05	0.000159128465634	0.0	0.000236843021838	0.00146340165497	0.00112263139078	9.78787015945e-05	0.0	0.0292527999108	0.0454520985483	0.000355162988928	0.00109512543784	0.0013644212935	0.00156040320819	0.0	0.000309053046748	0.0	2.19687275164e-05	0.000109818412026	0.0115819899039	0.00596938991818	0.0	0.000293794548195
30	0.0	0.069387755102	0.0	0.025641025641	2.36663984475e-05	0.0	0.0	5.09049773756e-05	1.93841650755e-05	1.3074288105e-05	0.00893937194561	0.0106333211111	0.000269294326458	3.34451889096e-05	2.78638849222e-05	1.77382018785e-05	2.86020736503e-05	0.000151267084282	5.93901816152e-06	0.0122861759626	0.0197383767877	0.000146697756296	0.0	9.9489052651e-05	1.04026880546e-05	0.0	0.000301694640873	0.0	0.0	1.29198131795e-05	0.0247109591272	0.0149658710307	0.0	2.5547352017e-05
31	0.0	0.0	0.0	0.025641025641	6.311039586e-05	8.7045287289e-05	0.000939437590029	8.48416289593e-05	0.000251994145982	0.0	0.0417090046935	0.0460987975876	0.00342738233674	0.000100335566729	1.39319424611e-05	0.000212858422542	7.86557025384e-05	0.000258043849658	0.000142536435876	0.0100852510169	0.000610095282528	3.86046727096e-05	0.00045978548917	0.000198978105302	1.04026880546e-05	0.0	0.00892574632632	0.0076837298648	0.000115335819461	7.7518879077e-05	0.0336875101775	0.0361300716496	0.0	0.000510947040339
32	0.0	0.00408163265306	0.0	0.0	7.88879948249e-06	0.0	4.17527817791e-05	1.69683257919e-05	0.0	1.3074288105e-05	0.011903033822	0.0108861943837	0.00155456270274	5.5741981516e-05	0.000320434676605	0.0	0.000457633178405	0.000231349658314	3.56341089691e-05	0.0266757675378	0.0223761416857	6.17674763353e-05	5.01584170004e-05	4.26381654219e-05	0.0	0.0	0.000632822905246	0.000553489015685	1.09843637582e-05	0.0	0.0179734570917	0.019773604104	7.47063108156e-05	0.000127736760085
33	0.0	0.0	0.0	0.0	2.36663984475e-05	7.91320793536e-06	0.0	1.69683257919e-05	0.0	1.3074288105e-05	0.00417331978516	0.00332528353416	6.12032560132e-05	3.34451889096e-05	2.78638849222e-05	8.86910093924e-06	0.0	9.78787015945e-05	0.0	0.0430016158689	0.0375208598755	0.0	0.0	7.10636090364e-06	0.0	0.0	0.000544522034746	0.000260465419146	0.0	0.0	0.00858980622049	0.0184254038241	0.0	2.5547352017e-05
34	0.0	0.0	0.0	0.0	0.0	0.0	0.000104381954448	0.0	0.0	0.0	0.0	2.52873272559e-05	0.000195850419242	6.68903778192e-05	6.96597123054e-06	0.0	0.0	0.000151267084282	0.0	0.00819078397504	0.00694431983348	7.72093454192e-06	0.0	0.0	2.08053761092e-05	0.0	8.09424646245e-05	4.88372660898e-05	0.0	0.0	0.0291687021658	0.0265315639971	2.80148665559e-05	3.19341900212e-05
35	0.0	0.0	0.0	0.0	5.52215963775e-05	4.74792476122e-05	0.0	3.39366515837e-05	0.0	0.0	3.62897372623e-05	0.0	0.0	1.11483963032e-05	2.08979136916e-05	9.75601103316e-05	0.00235967107615	8.89806378132e-06	0.000564206725344	0.0	0.0	0.000169860559922	0.0	4.97445263255e-05	5.2013440273e-05	0.0	0.0	0.000398837673067	0.0243633188157	0.00364338731662	0.0	0.0	0.0	1.27736760085e-05
36	0.0	0.0	0.0	0.025641025641	0.0	0.0	0.0	0.0	1.93841650755e-05	0.0	0.0256326510863	0.0256539935012	0.0	0.0	0.0	0.0	0.0	3.55922551253e-05	1.1878036323e-05	0.018373544325	0.00947442085808	0.000108093083587	0.0	1.42127218073e-05	1.04026880546e-05	0.0	1.47168117499e-05	8.13954434831e-06	0.0	0.0	0.0152458882918	0.0294229872387	0.0	3.83210280254e-05
37	0.0	0.0	0.0	0.0	2.36663984475e-05	7.91320793536e-06	0.0	0.0	0.0	0.0	0.00341123530266	0.00354022581583	3.67219536079e-05	1.11483963032e-05	1.39319424611e-05	8.86910093924e-06	2.86020736503e-05	0.0430132403189	1.78170544846e-05	0.000139299047195	0.000161495810081	1.54418690838e-05	5.85181531671e-05	0.0	0.0	0.0	5.15088411247e-05	8.13954434831e-06	0.0	0.0	0.000447809802964	0.000983592656972	3.73531554078e-05	9.58025700636e-05
38	0.0	0.00408163265306	0.0	0.0	0.0	0.0	0.0	1.13122171946e-05	0.0	0.0	0.0411041757391	0.0474137386049	1.22406512026e-05	0.0	0.0	0.0	7.15051841258e-06	0.000391514806378	0.0	0.00303671922884	0.0016867340164	3.86046727096e-05	0.0	0.0	0.0	0.0	8.09424646245e-05	8.13954434831e-06	0.0	0.0	0.00140449438202	0.00254377411286	0.0	6.38683800424e-06
39	0.0	0.0	0.0	0.0	0.000118331992237	0.000601403803088	0.0	0.00580882352941	0.000804442850635	0.000379154355045	1.20965790874e-05	2.52873272559e-05	0.0	3.34451889096e-05	0.00821984605204	0.000674051671382	0.0108616374687	0.0	5.93901816152e-06	0.0	0.0	0.0104387035007	7.52376255005e-05	7.10636090364e-06	6.24161283276e-05	0.0	0.0	0.00014651179827	0.00862272555018	0.00168603561992	0.000101774955219	8.47924704286e-06	0.00212912985824	0.000121349922081
40	0.0	0.0163265306122	0.0	0.0	0.000323440778782	0.000506445307863	4.17527817791e-05	0.000265837104072	0.00017445748568	0.0002614857621	0.000229835002661	0.000417240899723	0.00220331721648	4.45935852128e-05	7.66256835359e-05	0.000399109542266	1.43010368252e-05	0.00013347095672	0.000326645998883	0.000626845712375	0.000484487430243	0.00131255887213	0.00144623435684	0.000170552661687	0.000416107522184	0.0	0.000662256528746	0.00391512083154	0.00544275224218	0.00076872888418	0.00105845953428	0.000339169881715	0.00162486226024	0.0102700355108
41	0.0	0.0530612244898	0.0	0.0	1.5777598965e-05	0.00010287170316	2.08763908895e-05	0.000147058823529	1.93841650755e-05	0.0	0.00861276431025	0.0109873436927	0.000893567537793	2.22967926064e-05	1.39319424611e-05	3.5476403757e-05	7.15051841258e-06	0.000106776765376	1.1878036323e-05	0.00642168607567	0.00956414075257	7.72093454192e-05	8.35973616673e-06	9.9489052651e-05	3.12080641638e-05	0.0	0.000286977829123	9.76745321797e-05	0.0	0.0	0.0377177984042	0.0266757111968	9.33828885195e-06	4.47078660297e-05
42	0.0	0.0	0.0	0.0	0.0	0.0	0.0	0.0	0.0	0.0	0.000145158949049	5.05746545119e-05	0.0	0.0	0.0	0.0	0.0	8.89806378132e-06	4.15731271306e-05	0.0292527999108	0.0340397279693	0.0	0.0	2.84254436146e-05	0.0	0.0	1.47168117499e-05	0.0	0.0	0.0	0.0	0.0	9.33828885195e-06	0.0
43	0.0	0.0	0.0	0.0	7.88879948249e-06	0.0	0.0	0.0	0.0	0.0	0.0	0.0	0.0	0.0	0.0	0.0	0.0	0.0348270216401	0.0	0.0	0.0	0.0	0.0	0.0	0.0	0.0	0.0	0.0	0.0	0.0	0.0	0.0	0.0	6.38683800424e-06
44	0.0	0.0204081632653	0.0	0.128205128205	3.94439974125e-05	6.33056634829e-05	0.000730673681134	0.000831447963801	0.000552448704653	0.000431451507465	0.0558740988049	0.0579964850615	0.00318256931269	0.000200671133457	0.000299536762913	0.00058536066199	0.000343224883804	0.000827519931663	0.000112841345069	0.0613751601939	0.0897198944894	0.000416930465264	0.000819254144339	0.000859869669341	0.00013523494471	0.0	0.00237676509761	0.00062674491482	9.88592738237e-05	7.7518879077e-05	0.042297671389	0.0256327638106	1.86765777039e-05	0.000645070638428
45	0.0	0.0	0.333333333333	0.0	3.94439974125e-05	5.53924555476e-05	0.00144047097138	0.000361990950226	1.93841650755e-05	0.0	0.000302414477186	0.000101149309024	0.000550829304119	0.00141584633051	0.000215945108147	1.77382018785e-05	8.5806220951e-05	0.000569476082005	0.000136597417715	0.0193207778459	0.0220531500655	1.54418690838e-05	2.50792085002e-05	0.0	0.0	0.0	0.00770425095107	0.00110697803137	1.64765456373e-05	1.93797197693e-05	0.00429490311024	0.0048670878026	0.0	0.00016605778811
46	0.0	0.0	0.0	0.0	3.94439974125e-05	0.0	0.0	0.0	0.0	0.0	0.0	0.0	0.0	0.0	0.0	0.0	0.0	0.0310631406606	0.0	0.0	0.0	0.0	0.0	0.0	0.0	0.0	0.0	0.0	0.0	0.0	0.0	0.0	0.0	0.0
47	0.0	0.0	0.0	0.025641025641	0.00015777598965	0.000134524534901	0.0	3.9592760181e-05	0.0	0.0	0.025874582668	0.00619539517771	0.00111389925944	2.22967926064e-05	0.000153251367072	2.66073028177e-05	3.57525920629e-05	1.77961275626e-05	0.0	0.0	0.0	0.0	0.0	2.13190827109e-05	0.0	0.0	0.000272261017373	0.002173258341	5.4921818791e-06	7.7518879077e-05	0.000223904901482	0.00131428329164	8.40445996676e-05	0.000140510436093
48	0.0	0.0	0.0	0.025641025641	7.88879948249e-06	7.91320793536e-06	0.000647168117576	5.09049773756e-05	7.75366603022e-05	9.15200167351e-05	0.0186287317946	0.0194712419871	0.000514107350511	0.000100335566729	3.48298561527e-05	0.0	7.15051841258e-05	0.000284738041002	4.75121452921e-05	0.0067281439795	0.00705198370687	7.72093454192e-06	4.17986808336e-05	3.55318045182e-05	3.12080641638e-05	0.0	0.00178073422174	0.000130232709573	3.29530912746e-05	1.93797197693e-05	0.0086915811757	0.0146182219019	9.33828885195e-06	0.000191605140127
50	0.0	0.0	0.0	0.0	6.311039586e-05	0.000720101922118	0.000104381954448	0.00610294117647	3.87683301511e-05	6.53714405251e-05	0.000108869211787	0.000101149309024	6.12032560132e-05	6.68903778192e-05	6.96597123054e-06	0.00011529831221	0.0	0.00113895216401	0.000968059960327	2.78598094389e-05	0.000125607852285	0.00216958260628	0.00121216174418	0.000142127218073	6.24161283276e-05	0.0	0.00109640247537	0.00043139585046	0.000142796728856	1.93797197693e-05	0.00016283992835	0.000110230211557	0.00162486226024	0.00168612523312
54	0.0	0.0	0.0	0.0	7.88879948249e-06	1.58264158707e-05	0.000125258345337	8.48416289593e-05	9.69208253777e-06	9.15200167351e-05	0.00745149271786	0.00773792214032	0.00172593181957	2.22967926064e-05	0.000285604820452	2.66073028177e-05	5.00536288881e-05	0.000640660592255	0.0	0.00449935922438	0.00093308690269	6.94884108773e-05	2.50792085002e-05	8.52763308437e-05	0.0	0.0	0.0120236351997	0.000594186737426	0.000126320183219	7.7518879077e-05	0.00700211691907	0.0108958324501	0.0	0.000900544158598
55	0.0	0.0	0.0	0.0	0.0	0.0	0.00108557232626	5.65610859729e-05	0.0	0.0	0.00129433396236	0.00125172269917	0.00235020503091	0.0	6.96597123054e-06	0.0	0.0	0.000249145785877	0.0	0.00480581712821	0.00297870049705	0.0	0.0	0.00015633993988	0.0	0.0	0.000647539716996	0.00104186167658	0.0	0.0	0.000529229767139	0.00133972103277	9.33828885195e-06	0.00639961168025
57	0.0	0.0367346938776	0.0	0.025641025641	0.00103343273221	0.000276962277738	0.0	0.000486425339367	0.000455527879275	0.000575268676621	0.0136328446315	0.013187341164	0.00390476773364	0.000334451889096	6.26937410748e-05	0.000177382018785	0.00328208795138	0.000293636104784	1.78170544846e-05	0.0005014765699	0.000520375388039	0.00743525996387	0.000158834987168	0.000362424406086	8.32215044367e-05	0.0	7.35840587495e-05	0.000227907241753	0.000329530912746	0.000645990658975	0.00105845953428	0.0012464493153	9.33828885195e-06	0.000906930996602
62	0.0	0.0	0.0	0.0	0.000244552783957	0.00107619627921	0.00108557232626	0.0020814479638	0.00127935489499	0.000784457286301	3.62897372623e-05	3.79309908839e-05	0.0	8.91871704255e-05	0.000320434676605	0.0011529831221	0.000214515552378	0.0	0.000249438762784	0.0	1.79439788979e-05	0.00398400222363	0.00117872279951	0.000177659022591	8.32215044367e-05	0.0	0.000419429134872	0.000455814483505	0.00048331200536	0.0013242808509	0.0	0.0	0.000924490596343	0.000185218302123
79	0.0	0.0	0.0	0.0	0.000362884776195	2.37396238061e-05	0.0	0.0	0.0	1.3074288105e-05	0.000145158949049	7.58619817678e-05	3.67219536079e-05	0.0	0.00902093274355	0.0	3.57525920629e-05	0.0	0.0	5.57196188778e-05	0.0	0.0	3.34389446669e-05	0.000440594376026	0.0	0.0	0.00100074319899	0.00151395524879	1.09843637582e-05	2.5839626359e-05	0.0	8.47924704286e-06	9.33828885195e-06	6.38683800424e-06
80	0.0	0.0	0.0	0.0	0.001128098326	0.000356094357091	0.000793302853803	0.000141402714932	0.0004361437142	0.0002614857621	0.00464508636957	0.00568964863259	0.015521145725	0.00156077548245	0.000369196475219	0.000337025835691	0.000750804433321	8.89806378132e-05	5.93901816152e-06	0.00101688304452	5.38319366936e-05	4.63256072515e-05	0.000585181531671	0.000277148075242	1.04026880546e-05	0.0	0.000640181311121	0.00052907038264	0.000615124370459	0.000639530752385	0.00584188242957	0.00875906219528	0.00513605886857	0.000740873208492
92	0.0	0.0408163265306	0.0	0.0	7.09991953425e-05	0.000640969842765	0.000167011127116	2.26244343891e-05	0.0	0.0	0.00042338026806	0.00018965495442	2.44813024053e-05	0.000367897078005	2.08979136916e-05	0.0	0.0	0.00632652334852	0.00184109563007	0.000139299047195	3.58879577958e-05	0.0	0.0	0.0	0.0	0.0	1.47168117499e-05	0.0	1.64765456373e-05	0.0	2.03549910438e-05	5.08754822572e-05	0.000784416263564	0.000402370794267
95	0.0	0.0367346938776	0.0	0.0	5.52215963775e-05	3.16528317415e-05	0.0	0.0	0.0	0.0	0.00528620506121	0.00546206268728	0.000587551257727	4.45935852128e-05	6.96597123054e-06	7.09528075139e-05	0.0	0.0	0.0	0.00192232685128	0.00093308690269	0.0	0.0	4.97445263255e-05	0.0	0.0	5.15088411247e-05	0.0	1.09843637582e-05	6.45990658975e-06	0.00101774955219	0.00139907576207	0.0	1.27736760085e-05
101	0.0	0.0	0.0	0.0	3.155519793e-05	0.00044313964438	0.000480156990459	7.9185520362e-05	0.000145381238067	9.15200167351e-05	6.04828954372e-05	2.52873272559e-05	0.00110165860824	0.0	0.000236843021838	3.5476403757e-05	7.15051841258e-06	4.44903189066e-05	0.0	6.96495235973e-05	3.58879577958e-05	0.000216186167174	0.00154655119084	0.000710636090364	0.0	0.0	0.0	8.13954434831e-06	4.39374550328e-05	6.45990658975e-06	0.00144520436411	0.00286598550049	0.000532282464561	0.00146258590297
102	0.0	0.0612244897959	0.0	0.025641025641	6.311039586e-05	9.49584952244e-05	0.000668044508465	0.000237556561086	0.000222917898369	0.000483748659885	0.00228625344753	0.00237700876206	0.000514107350511	0.00027870990758	6.96597123054e-06	2.66073028177e-05	0.000135859849839	8.00825740319e-05	2.96950908076e-05	0.00123976152003	0.000789535071507	0.000108093083587	4.17986808336e-05	7.10636090364e-06	2.08053761092e-05	0.0	0.000345845076123	0.000113953620876	9.33670919446e-05	0.000109818412026	0.00291076371926	0.00153474371476	0.0	0.000121349922081
105	0.0	0.0	0.0	0.0	0.0	0.0	0.0	0.0	0.0	0.0	0.0	0.0	0.0	0.0	0.0	0.0	0.0	0.0104018365604	0.0	0.0	0.0	0.0	0.0	0.0	0.0	0.0	0.0	0.0	0.0	0.0	2.03549910438e-05	0.0	0.0	0.0
108	0.0	0.0	0.0	0.0769230769231	0.0	3.16528317415e-05	0.0	0.0	0.0	5.22971524201e-05	0.00437896162965	0.003704593443	1.22406512026e-05	0.0	0.0	4.43455046962e-05	0.0	8.89806378132e-06	1.78170544846e-05	0.00185267732769	0.00150729422742	3.86046727096e-05	8.35973616673e-06	1.42127218073e-05	6.24161283276e-05	0.0	0.000596030875871	0.000187209520011	0.0	0.0	0.00134342940889	0.000245898164243	0.0	0.000197991978131
113	0.0	0.0	0.0	0.025641025641	0.0	0.0	6.26291726686e-05	5.65610859729e-06	0.0	0.0	0.0029878550346	0.00360344413397	0.0	0.0	6.96597123054e-06	1.77382018785e-05	1.43010368252e-05	0.0	0.0	0.00179695770881	0.00279926070807	0.000154418690838	6.68778893338e-05	0.0	0.0	0.0	0.000154526523374	4.88372660898e-05	0.0	0.0	0.00101774955219	0.000915758680629	0.0	0.000102189408068
117	0.0	0.0	0.0	0.0	8.67767943074e-05	7.91320793536e-06	0.000417527817791	2.82805429864e-05	7.75366603022e-05	0.0	0.000592732375284	0.000796550808562	0.000159128465634	0.000100335566729	8.35916547665e-05	4.43455046962e-05	0.00166607079013	0.000302534168565	0.0	0.00650526550398	0.00188411778428	0.000332000185302	3.34389446669e-05	0.000582721594099	0.0	0.0	3.67920293748e-05	0.000187209520011	5.4921818791e-06	0.0	0.000386744829832	0.000373086869886	9.33828885195e-06	0.000242699844161
137	0.0	0.0	0.0	0.0	1.5777598965e-05	0.0	0.0	0.0	6.78445777644e-05	1.3074288105e-05	1.20965790874e-05	6.32183181399e-05	8.56845584185e-05	0.0	5.57277698443e-05	2.66073028177e-05	2.86020736503e-05	0.0	1.1878036323e-05	0.00318994818075	0.00192000574207	2.31628036258e-05	1.67194723335e-05	0.0013573149326	0.000780201604094	0.0	0.000257544205623	0.000154651342618	2.74609093955e-05	3.22995329488e-05	0.00221869402377	0.00227243820749	2.80148665559e-05	0.00025547352017
143	0.0	0.0	0.0	0.0	0.0	0.0	0.0	0.0	0.0	5.22971524201e-05	0.0	2.52873272559e-05	0.0112124365016	0.0	1.39319424611e-05	2.66073028177e-05	1.43010368252e-05	9.78787015945e-05	0.0	0.000835794283167	0.00118430260726	2.31628036258e-05	1.67194723335e-05	6.39572481328e-05	0.000322483329692	0.0	0.0	5.69768104382e-05	0.0	0.0	0.0	0.0	0.0	0.0
149	0.0	0.0	0.0	0.025641025641	0.0	0.0	2.08763908895e-05	5.65610859729e-06	0.0	0.0	0.000435476847148	0.000720688826794	0.0	0.0	0.0	0.0	0.0	0.0	5.93901816152e-06	0.0	3.58879577958e-05	1.54418690838e-05	0.0	0.0	0.0	0.0	0.0	0.0	0.0	0.0	0.00512945774304	0.00337474032306	0.0	7.66420560509e-05
159	0.0	0.0	0.0	0.0	7.88879948249e-06	0.0	0.0	5.65610859729e-06	7.75366603022e-05	0.0	0.000120965790874	5.05746545119e-05	0.00730766876798	0.0	1.39319424611e-05	1.77382018785e-05	0.0	0.0	0.0	0.0	0.0	0.0	0.0	0.0	0.0	0.0	0.0	3.25581773932e-05	3.29530912746e-05	1.29198131795e-05	0.0	8.47924704286e-06	0.0	0.0
163	0.0	0.0612244897959	0.0	0.0	0.000118331992237	6.33056634829e-05	0.000250516690675	7.9185520362e-05	1.93841650755e-05	0.0	0.00198383897034	0.00259195104373	0.00105269600343	0.000122632359335	0.000167183309533	8.86910093924e-05	0.000235967107615	0.00020465546697	5.93901816152e-05	0.00167158856633	0.0017046779953	0.000108093083587	0.000117036306334	0.000255828992531	1.04026880546e-05	0.0	0.000367920293748	0.000309302685236	7.68905463073e-05	0.000103358505436	0.00559762253705	0.00295077797092	9.33828885195e-06	0.000472626012314
166	0.0	0.0	0.0	0.025641025641	0.0	0.0	0.0	1.13122171946e-05	0.0	0.0	0.00141529975323	0.000922987444842	0.000709957769753	5.5741981516e-05	4.87617986138e-05	0.0	0.0	0.0	0.0	0.00108653256812	0.000663927219222	0.0	8.35973616673e-06	0.0	0.0	0.0	0.0	0.0	0.0	6.45990658975e-06	0.00105845953428	0.00145843049137	0.0	1.27736760085e-05
175	0.0	0.0	0.0	0.0	7.09991953425e-05	0.00117906798237	0.0	0.000107466063348	0.000949824088702	0.00138587453913	0.0	1.2643663628e-05	0.0	0.0	0.0	0.0	0.0	0.0	0.0	0.000780074664289	0.000663927219222	0.0	5.85181531671e-05	0.0	0.00125872525461	0.0	7.35840587495e-05	0.0	0.000521757278514	0.000490952900821	0.0	0.0	0.000252133799003	0.0
177	0.0	0.0	0.0	0.0	0.0	0.0	0.00561574914929	5.65610859729e-06	0.0	0.00210496038491	0.00108869211787	0.000708045163166	0.0	0.0	0.0	0.0	0.0	0.0	0.0	2.78598094389e-05	0.0	0.0	0.0	0.0	0.0	0.0	0.000883008704994	8.13954434831e-06	5.4921818791e-06	3.87594395385e-05	0.0	1.69584940857e-05	0.0	0.00046623917431
178	0.0	0.0	0.0	0.0	0.0	0.0	0.0	0.0	0.0	0.0	0.0	0.0	0.0	0.0	0.0	0.0	0.0	0.0	0.0	0.0	0.0	0.0	0.0	0.0	0.0	0.0	0.0	0.0	0.0	0.0	0.00223904901482	0.00411243481579	9.33828885195e-06	1.27736760085e-05
179	0.0	0.0	0.0	0.0	5.52215963775e-05	0.0	0.0	1.13122171946e-05	0.000106612907916	0.00010459430484	0.000665311849809	0.000290804263443	3.67219536079e-05	0.0	2.08979136916e-05	4.43455046962e-05	0.000429031104755	0.000186859339408	4.15731271306e-05	0.00144871009082	0.000538319366936	0.0	1.67194723335e-05	7.10636090364e-06	0.000104026880546	0.0	0.0	0.000634884459168	0.0	0.0	2.03549910438e-05	8.47924704286e-06	0.0	0.00174360677516
180	0.0	0.0	0.0	0.0	0.0	0.0	0.0	0.0	0.0	0.0	0.0	3.79309908839e-05	0.0	0.0	0.0	0.0	0.0	0.0	0.0	8.35794283167e-05	7.17759155915e-05	0.0	0.0	0.0	0.0	0.0	0.0	0.0	0.0	0.0	0.00360283341475	0.00356976300505	0.0	0.0
181	0.0	0.0	0.0	0.0	0.0	0.0	0.0	1.13122171946e-05	0.0	0.0	0.00349591135627	0.00362873146123	0.0	0.0	0.0	0.0	0.0	0.0	0.0	0.000362177522706	0.000179439788979	4.63256072515e-05	8.35973616673e-06	2.84254436146e-05	0.0	0.0	0.000169243335124	0.0	0.0	0.0	0.0	0.000152626446772	0.0	6.38683800424e-06
182	0.0	0.0	0.0	0.0	0.000102554393272	1.58264158707e-05	0.0	3.39366515837e-05	2.90762476133e-05	1.3074288105e-05	0.00249189529201	0.00198505518959	2.44813024053e-05	0.0	2.08979136916e-05	8.86910093924e-06	0.00022166607079	0.0	0.0	0.000612915807656	0.000322991620162	0.000123534952671	8.35973616673e-06	1.42127218073e-05	0.0	0.0	2.20752176249e-05	1.62790886966e-05	1.09843637582e-05	3.22995329488e-05	0.000569939749227	0.000669860516386	0.0	5.10947040339e-05
183	0.0	0.0	0.0	0.0	0.0	3.16528317415e-05	0.0	0.000118778280543	9.69208253777e-06	1.3074288105e-05	0.00134272027871	0.00188390588057	0.00233796437971	0.0	6.96597123054e-06	8.86910093924e-06	7.15051841258e-06	1.77961275626e-05	0.0	0.0	0.0	0.0	5.85181531671e-05	4.97445263255e-05	0.0	0.0	0.000169243335124	0.0	3.84452731537e-05	7.7518879077e-05	0.00042745481192	0.0007716114809	0.0	5.10947040339e-05
184	0.0	0.0	0.0	0.0	0.0	0.0	0.0	0.0	0.0	0.0	0.000145158949049	0.000214942281676	0.0	0.0	0.0	0.0	7.15051841258e-06	9.78787015945e-05	5.93901816152e-06	0.00547445255474	0.00400150729423	0.0	0.0	0.0	0.0	0.0	3.67920293748e-05	0.0	5.4921818791e-06	0.0	0.0	8.47924704286e-06	0.0	0.0
185	0.0	0.00408163265306	0.0	0.0	7.88879948249e-06	0.0	0.0	0.0	9.69208253777e-06	1.3074288105e-05	0.000495959742585	0.000543677536003	0.000146887814432	0.0	0.0	2.66073028177e-05	2.86020736503e-05	1.77961275626e-05	1.1878036323e-05	0.000111439237756	0.000394767535753	1.54418690838e-05	8.35973616673e-06	0.0	0.0	0.0	3.67920293748e-05	1.62790886966e-05	0.0	0.0	0.00374531835206	0.00216220799593	9.33828885195e-06	0.0
