# Constructed from biom file
#OTU ID	T12	S5	S11	T9	S7	S9	T15	T2	T5	S15	T4	S13	T13	T8	S14	S6	T1	T14	T3	S12	S4	S10	T6	T11	T10	T7	S8	N14	S2	S3	T16	N8	N9	S1
Unassigned;Other;Other;Other;Other	0.00153646597384	0.000981058874681	0.000110784911095	0.00791967912526	0.00281150499774	0.00151267084282	0.00227818868396	0.00617370252908	0.000155037758154	0.00036608006694	3.29530912746e-05	0.000339366515837	0.00387891758136	8.40445996676e-05	0.000407067466587	0.000271672877991	0.00206083930205	0.002139014632	0.00188837428881	0.00141959458049	0.0428177979068	0.00145942790426	0.0333414753298	0.0998582425667	0.100016715886	0.0315343197524	0.00161601716124	0.0	0.00290317898098	0.00281953698904	0.0	0.0	0.0	0.0
k__Archaea;p__Euryarchaeota;c__Methanobacteria;o__Methanobacteriales;f__Methanobacteriaceae	0.00536604950663	0.000367897078005	0.000451052852316	0.000760033722505	0.000541015157294	0.00013347095672	0.00013523494471	0.00104489363424	0.00153099786177	0.000169965745365	0.000812842918106	0.000197963800905	0.000551742587004	0.000317501820966	0.000106612907916	0.00167879906656	0.000237560726461	0.00363845678267	0.000748838080044	0.000104381954448	0.00730766876798	0.000670547956012	0.040404657222	0.00694431983348	0.0065888449323	0.0404205706533	0.00707901322846	0.0	0.00753616877147	0.00806665739465	0.0	0.0	0.0	0.0
k__Archaea;p__Euryarchaeota;c__Methanomicrobia;o__Methanomicrobiales;f__Methanoregulaceae	7.72093454192e-06	0.0	0.0	0.000114963084076	0.0	3.55922551253e-05	0.0	4.41504352497e-05	0.0	0.0	0.0	0.0	0.0	0.0	0.0	0.0	0.0	2.13190827109e-05	2.44186330449e-05	0.0	3.67219536079e-05	0.0	0.0029718286924	0.000197383767877	0.00104474285396	0.00373086869886	0.0	0.0	0.000338704214448	0.000354022581583	0.0	0.0	0.0	0.0
k__Bacteria;p__Acidobacteria;c__Acidobacteriia;o__Acidobacteriales;f__Acidobacteriaceae	0.000115814018129	2.22967926064e-05	0.000134524534901	0.000249086682165	7.98219084531e-05	0.000115674829157	0.000124832256655	0.000883008704994	0.0	5.22971524201e-05	5.4921818791e-06	0.000147058823529	1.67194723335e-05	3.73531554078e-05	1.93841650755e-05	1.39319424611e-05	2.96950908076e-05	0.000113701774458	0.000284884052191	2.08763908895e-05	0.000905808188996	1.5777598965e-05	0.0520680670901	0.0181593066447	0.0142642224327	0.039759189384	7.15051841258e-06	0.0	0.0140804180578	0.015905728844	0.0	0.0530612244898	0.0	0.0769230769231
k__Bacteria;p__Acidobacteria;c__Acidobacteriia;o__Acidobacteriales;f__Koribacteraceae	0.0	0.0	7.91320793536e-06	3.83210280254e-05	0.0	4.44903189066e-05	2.08053761092e-05	0.000176601740999	0.0	7.84457286301e-05	5.4921818791e-06	1.69683257919e-05	4.17986808336e-05	9.33828885195e-06	0.0	1.39319424611e-05	5.93901816152e-06	3.55318045182e-05	8.13954434831e-06	2.08763908895e-05	9.79252096212e-05	0.0	0.00354176844162	0.00215327746775	0.00135120075779	0.00298469495909	7.15051841258e-06	0.0	0.00268544055741	0.00300919194346	0.0	0.0244897959184	0.0	0.0
k__Bacteria;p__Acidobacteria;c__Holophagae;o__Holophagales;f__Holophagaceae	0.000131255887213	7.80387741223e-05	0.0	0.000357662928237	2.66073028177e-05	8.89806378132e-06	2.08053761092e-05	0.000478296381872	3.22995329488e-05	1.3074288105e-05	5.4921818791e-06	1.69683257919e-05	1.67194723335e-05	1.86765777039e-05	0.0	1.39319424611e-05	1.78170544846e-05	4.97445263255e-05	0.00014651179827	4.17527817791e-05	0.00132199032989	4.7332796895e-05	0.00571975248331	0.0110893789589	0.0105031481585	0.0061728918472	3.57525920629e-05	0.0	0.00327817293269	0.00443792593342	0.0	0.0244897959184	0.0	0.0
k__Bacteria;p__Actinobacteria;c__Actinobacteria;o__Actinomycetales;f__Gordoniaceae	0.000239348970799	5.5741981516e-05	3.16528317415e-05	3.83210280254e-05	3.5476403757e-05	0.0	1.04026880546e-05	9.56592763744e-05	0.000116278318616	6.53714405251e-05	0.000115335819461	0.0	1.67194723335e-05	9.33828885195e-06	3.87683301511e-05	0.000104489568458	0.0	6.39572481328e-05	6.51163547865e-05	6.26291726686e-05	0.000306016280066	8.67767943074e-05	0.000915974596971	0.000376823556855	0.000334317713267	0.000635943528215	2.86020736503e-05	0.0	0.00255237818745	0.00271838768001	0.0	0.0	0.0	0.0
k__Bacteria;p__Actinobacteria;c__Actinobacteria;o__Actinomycetales;f__Microbacteriaceae	0.000355162988928	0.014671289535	0.000245309445996	0.0127161944664	0.00271394488741	0.000444903189066	0.000447315586348	0.02283313343	0.000678290191924	0.000588342964726	0.000928178737567	0.00117081447964	0.00348600998152	0.00496796966924	0.00389621718019	7.66256835359e-05	0.00816614997209	0.000717742451268	0.00813140480396	0.00292269472454	0.00749127853602	0.000402328773607	0.00307360364761	1.79439788979e-05	0.000348247617986	0.00825030737271	7.15051841258e-06	0.0	0.0129191464654	0.0117206761831	0.0	0.0	0.0	0.025641025641
k__Bacteria;p__Actinobacteria;c__Actinobacteria;o__Actinomycetales;f__Mycobacteriaceae	4.63256072515e-05	0.00156077548245	0.000356094357091	0.000740873208492	0.000337025835691	8.89806378132e-05	1.04026880546e-05	0.000640181311121	0.000639530752385	0.0002614857621	0.000615124370459	0.000141402714932	0.000585181531671	0.00513605886857	0.0004361437142	0.000369196475219	5.93901816152e-06	0.000277148075242	0.00052907038264	0.000793302853803	0.015521145725	0.001128098326	0.00584188242957	5.38319366936e-05	0.00101688304452	0.00875906219528	0.000750804433321	0.0	0.00464508636957	0.00568964863259	0.0	0.0	0.0	0.0
k__Bacteria;p__Actinobacteria;c__Actinobacteria;o__Actinomycetales;f__Nocardioidaceae	7.72093454192e-06	5.5741981516e-05	2.37396238061e-05	0.00054288123036	0.000133036514089	1.77961275626e-05	0.0	7.35840587495e-05	0.0	0.000143817169155	5.4921818791e-06	0.000101809954751	0.000150475251001	0.00134471359468	9.69208253777e-05	0.000139319424611	2.37560726461e-05	0.000270041714339	8.95349878314e-05	0.000146134736227	0.000306016280066	0.0	0.0101571405309	3.58879577958e-05	0.000292527999108	0.0135159197863	9.29567393636e-05	0.0	0.000290317898098	0.000480459217863	0.0	0.0	0.0	0.0
k__Bacteria;p__Actinobacteria;c__Actinobacteria;o__Actinomycetales;f__Streptomycetaceae	0.0	2.22967926064e-05	0.000158264158707	0.000146897274098	2.66073028177e-05	1.77961275626e-05	0.0	0.00127300421637	0.000103358505436	1.3074288105e-05	1.64765456373e-05	3.9592760181e-05	3.34389446669e-05	9.33828885195e-05	0.0	0.00917418411062	0.0	0.000461913458737	0.00368721358978	0.0	0.00115062121305	0.000520660765845	0.000223904901482	0.0	5.57196188778e-05	0.00132276253869	7.15051841258e-05	0.0	0.0260197416171	0.00627125715947	0.0	0.0	0.0	0.025641025641
k__Bacteria;p__Actinobacteria;c__Thermoleophilia;o__Solirubrobacterales;f__	1.54418690838e-05	0.0	0.0	7.66420560509e-05	0.0	0.0	0.0	0.0	0.0	0.0	0.0	5.65610859729e-06	0.0	0.0	0.0	0.0	5.93901816152e-06	0.0	0.0	2.08763908895e-05	0.0	0.0	0.00512945774304	3.58879577958e-05	0.0	0.00337474032306	0.0	0.0	0.000435476847148	0.000720688826794	0.0	0.0	0.0	0.025641025641
k__Bacteria;p__Actinobacteria;c__Thermoleophilia;o__Solirubrobacterales;f__Conexibacteraceae	0.000146697756296	0.000211819529761	3.95660396768e-05	0.00067700482845	0.000886910093924	0.0	8.32215044367e-05	0.00398089757835	0.00218990833393	0.0	0.0014719047436	0.000180995475113	0.00091957097834	0.000373531554078	0.000116304990453	0.000285604820452	4.75121452921e-05	0.00105884777464	4.06977217415e-05	0.0	0.00427198726972	7.88879948249e-06	0.000203549910438	3.58879577958e-05	0.000459686855742	5.08754822572e-05	5.00536288881e-05	0.0	0.000229835002661	0.000227585945304	0.0	0.0	0.0	0.0
k__Bacteria;p__Bacteroidetes;c__Bacteroidia;o__Bacteroidales;f__	1.54418690838e-05	3.34451889096e-05	0.0	1.27736760085e-05	0.0	4.44903189066e-05	0.0	0.0	0.0	0.0	0.0	0.0	8.35973616673e-05	0.0	0.0	0.0	0.0	7.10636090364e-06	8.13954434831e-06	0.0	6.12032560132e-05	0.0	0.0140856538023	0.00687254391789	0.00320387808547	0.0058761182007	9.29567393636e-05	0.0	0.000701601587071	0.000733332490422	0.0	0.0	0.0	0.0
k__Bacteria;p__Bacteroidetes;c__Bacteroidia;o__Bacteroidales;f__Porphyromonadaceae	0.000918791210488	0.0010479492525	0.000150350950772	0.00268247196178	0.000363633138509	0.000124572892938	0.000156040320819	0.00136130508687	0.0	0.00018304003347	1.09843637582e-05	0.00107466063348	0.00101152807617	0.000112059466223	0.000125997072991	0.000208979136916	0.000403853234983	0.000923826917474	0.00127790846268	2.08763908895e-05	0.000379460187282	4.7332796895e-05	0.0573603647614	0.0268262484523	0.0129966011032	0.0436172467885	0.000471934215231	0.0	0.00469347268592	0.00508275277845	0.0	0.0	0.0	0.0
k__Bacteria;p__Bacteroidetes;c__Cytophagia;o__Cytophagales;f__Cytophagaceae	4.63256072515e-05	1.11483963032e-05	9.49584952244e-05	8.30288940551e-05	8.86910093924e-06	0.000355922551253	0.0	0.00685067586958	3.87594395385e-05	7.84457286301e-05	5.4921818791e-06	0.000899321266968	0.000142115514834	2.80148665559e-05	3.87683301511e-05	3.48298561527e-05	0.00046918243476	4.97445263255e-05	0.000138372253921	4.17527817791e-05	0.00104045535222	0.000520660765845	0.00260543885361	0.0203305280913	0.0179835069928	0.00205197778437	7.15051841258e-06	0.0	0.00217738423574	0.00160574528075	0.0	0.0	0.0	0.0
k__Bacteria;p__Bacteroidetes;c__Flavobacteriia;o__Flavobacteriales;f__[Weeksellaceae]	0.00426967680168	0.0334451889096	0.00097332457605	0.00199269345732	0.000248334826299	0.00113895216401	0.000124832256655	0.00113319450474	0.0376612554182	7.84457286301e-05	0.00414659731872	0.00625	0.00121216174418	0.00162486226024	3.87683301511e-05	6.96597123054e-06	0.00097993799665	0.000142127218073	0.00107441985398	0.000730673681134	0.000269294326458	0.00164875909184	0.00016283992835	0.000143551831183	2.78598094389e-05	0.000110230211557	0.0	0.0	0.000133062369962	0.000113792972652	0.0	0.0	0.0	0.0
k__Bacteria;p__Bacteroidetes;c__Sphingobacteriia;o__Sphingobacteriales;f__	0.0	0.0	0.0	1.91605140127e-05	8.86910093924e-06	2.6694191344e-05	0.0	2.94336234998e-05	5.1679252718e-05	1.3074288105e-05	2.74609093955e-05	6.22171945701e-05	0.0	0.0	0.0	0.000139319424611	5.93901816152e-06	0.0	8.13954434831e-05	6.26291726686e-05	0.0	0.0	0.0140042338381	0.0173159396365	0.0115478910124	0.0140755500912	2.14515552378e-05	0.0	0.000592732375284	0.000960918435726	0.0	0.0	0.0	0.0
k__Bacteria;p__Bacteroidetes;c__Sphingobacteriia;o__Sphingobacteriales;f__Sphingobacteriaceae	0.0	0.0	0.0	7.02552180466e-05	0.0	0.000311432232346	0.0	0.000507730005372	0.0	0.0	0.0	1.69683257919e-05	0.0	0.0	0.0	0.0	0.0	0.0	0.0	0.0	0.0	0.0	0.00175052922977	0.00672899208671	0.00812113445144	0.00263704583033	0.0	0.0	0.00674989113079	0.00594252190515	0.0	0.0	0.0	0.0
k__Bacteria;p__Bacteroidetes;c__[Saprospirae];o__[Saprospirales];f__	0.0	5.5741981516e-05	0.0	0.0	0.0	0.0	0.0	0.000323769858498	1.93797197693e-05	0.0	0.0	0.0	0.0	0.0	0.0	0.0	0.000184109563007	0.0	0.0	0.0	7.34439072159e-05	0.0	0.0	0.00660338423442	0.00544659274531	0.0	0.0	0.0	0.0	0.0	0.0	0.0	0.0	0.0
k__Bacteria;p__Bacteroidetes;c__[Saprospirae];o__[Saprospirales];f__Chitinophagaceae	0.00182986148643	0.00307695737968	0.00111576231889	0.00128375443885	0.000833695488288	0.00803495159453	3.12080641638e-05	0.037130516045	0.000122738225205	0.000457600083675	0.000175749820131	0.00178733031674	0.000911211242173	0.000793754552416	0.000562140787191	0.00101006582843	0.00523821401846	0.000803018782112	0.00329651546106	0.00181624600739	0.00581430932126	0.00059954876067	0.0629376323074	0.137522654273	0.123725413718	0.0687497350235	0.00376117268502	0.0	0.0247858905502	0.0213930788585	0.0	0.10612244898	0.333333333333	0.0512820512821
k__Bacteria;p__Chlamydiae;c__Chlamydiia;o__Chlamydiales;f__	0.000216186167174	0.0	0.00044313964438	0.00146258590297	3.5476403757e-05	4.44903189066e-05	0.0	0.0	6.45990658975e-06	9.15200167351e-05	4.39374550328e-05	7.9185520362e-05	0.00154655119084	0.000532282464561	0.000145381238067	0.000236843021838	0.0	0.000710636090364	8.13954434831e-06	0.000480156990459	0.00110165860824	3.155519793e-05	0.00144520436411	3.58879577958e-05	6.96495235973e-05	0.00286598550049	7.15051841258e-06	0.0	6.04828954372e-05	2.52873272559e-05	0.0	0.0	0.0	0.0
k__Bacteria;p__Cyanobacteria;c__4C0d-2;o__YS2;f__	0.000540465417934	0.0	0.0	5.74815420382e-05	5.32146056354e-05	4.44903189066e-05	0.0	0.0	9.04386922565e-05	5.22971524201e-05	4.39374550328e-05	0.0002092760181	0.000225712876502	3.73531554078e-05	0.0	6.96597123054e-06	6.53291997767e-05	7.10636090364e-06	3.25581773932e-05	0.0	0.00271742456699	0.000102554393272	4.07099820876e-05	0.000358879577958	0.000348247617986	5.93547293e-05	0.000908115838398	0.0	0.000169352107224	0.00012643663628	0.0	0.0	0.0	0.0
k__Bacteria;p__Cyanobacteria;c__Chloroplast;o__Cryptophyta;f__	0.0	0.0	0.0	0.00639961168025	0.0	0.000249145785877	0.0	0.000647539716996	0.0	0.0	0.0	5.65610859729e-05	0.0	9.33828885195e-06	0.0	6.96597123054e-06	0.0	0.00015633993988	0.00104186167658	0.00108557232626	0.00235020503091	0.0	0.000529229767139	0.00297870049705	0.00480581712821	0.00133972103277	0.0	0.0	0.00129433396236	0.00125172269917	0.0	0.0	0.0	0.0
k__Bacteria;p__Cyanobacteria;c__Chloroplast;o__Streptophyta;f__	0.000347442054386	7.80387741223e-05	3.16528317415e-05	0.000600362772399	0.00011529831221	1.77961275626e-05	0.000166443008873	4.41504352497e-05	6.45990658975e-06	0.0	5.4921818791e-06	4.52488687783e-05	4.17986808336e-05	2.80148665559e-05	0.000116304990453	6.96597123054e-06	8.31462542612e-05	0.000667997924943	6.51163547865e-05	0.000146134736227	0.00160352530755	7.88879948249e-06	0.00339928350432	0.000305047641264	0.000933303616203	0.0062322465765	6.43546657133e-05	0.0	0.000133062369962	0.000214942281676	0.0	0.0	0.0	0.0
k__Bacteria;p__Cyanobacteria;c__Oscillatoriophycideae;o__Chroococcales;f__Microcystaceae	0.0	0.0	0.0	6.38683800424e-06	0.0	0.0348270216401	0.0	0.0	0.0	0.0	0.0	0.0	0.0	0.0	0.0	0.0	0.0	0.0	0.0	0.0	0.0	7.88879948249e-06	0.0	0.0	0.0	0.0	0.0	0.0	0.0	0.0	0.0	0.0	0.0	0.0
k__Bacteria;p__Firmicutes;c__Bacilli;o__Bacillales;f__Bacillaceae	0.146666872558	0.0682727789607	0.179400337103	0.65034616662	0.0725669838848	0.242383257403	0.320642053907	0.0883891713699	0.0806260941467	0.226498967131	0.335929304635	0.0277997737557	0.149338326882	0.25655080963	0.224788470299	0.513357249835	0.0120562068679	0.648924452277	0.115768739266	0.0566794012651	0.474459881266	0.542299742825	0.00215762905064	0.000430655493549	0.000891513902045	0.00168737016153	0.937325706114	0.0839160839161	0.00696762955436	0.0026678130255	0.285714285714	0.240816326531	0.0	0.025641025641
k__Bacteria;p__Firmicutes;c__Bacilli;o__Bacillales;f__Paenibacillaceae	0.0151407526367	0.000133780755638	0.00222361142984	0.000625910124416	0.00192459490381	8.89806378132e-06	0.000270469889419	0.000493013193622	0.0079392251988	0.00279789765447	0.0347874800222	0.00910067873303	0.00156327066318	0.00322170965392	0.00290762476133	0.0087353279231	0.000825523524451	0.000284254436146	0.00100116395484	0.00135696540782	0.0	0.000425995172055	0.000101774955219	1.79439788979e-05	0.0	1.69584940857e-05	0.0135859849839	0.0	8.4676053612e-05	6.32183181399e-05	0.0	0.0	0.0	0.0
k__Bacteria;p__Firmicutes;c__Bacilli;o__Lactobacillales;f__Streptococcaceae	0.0260967587517	0.0	0.000482705684057	2.5547352017e-05	0.262782591729	3.55922551253e-05	0.0	0.0342092289126	0.00900510978611	0.0107732133985	0.00862821773206	0.0590441176471	0.0149472082661	0.0173972321312	0.0117371119532	0.000195047194455	0.0355272066422	0.00692159552015	3.25581773932e-05	0.0239243439594	1.22406512026e-05	2.36663984475e-05	0.0052515876893	1.79439788979e-05	0.0	0.000423962352143	0.000114408294601	0.104895104895	0.000653215270721	0.000442528226979	0.0714285714286	0.0	0.0	0.0
k__Bacteria;p__Firmicutes;c__Clostridia;o__Clostridiales;f__Clostridiaceae	0.000239348970799	2.22967926064e-05	0.000134524534901	0.000702552180466	7.09528075139e-05	0.000186859339408	0.00013523494471	0.000110376088124	6.45990658975e-05	0.000143817169155	1.64765456373e-05	8.48416289593e-05	0.000100316834001	0.000102721177371	0.000135689155529	0.000139319424611	5.93901816152e-06	0.000113701774458	0.000170930431314	0.000563662554018	0.000379460187282	0.000102554393272	0.0169964175216	0.000628039261426	0.00115618209171	0.0205367363378	0.000257418662853	0.0	0.000810470798858	0.000695401499539	0.0	0.0	0.0	0.0
k__Bacteria;p__Firmicutes;c__Clostridia;o__Clostridiales;f__Peptostreptococcaceae	2.31628036258e-05	0.0	0.0	0.00025547352017	2.66073028177e-05	0.0	0.000780201604094	0.000257544205623	3.22995329488e-05	1.3074288105e-05	2.74609093955e-05	0.0	1.67194723335e-05	2.80148665559e-05	6.78445777644e-05	5.57277698443e-05	1.1878036323e-05	0.0013573149326	0.000154651342618	0.0	8.56845584185e-05	1.5777598965e-05	0.00221869402377	0.00192000574207	0.00318994818075	0.00227243820749	2.86020736503e-05	0.0	1.20965790874e-05	6.32183181399e-05	0.0	0.0	0.0	0.0
k__Bacteria;p__Firmicutes;c__Clostridia;o__Clostridiales;f__Ruminococcaceae	1.54418690838e-05	0.0	0.0	6.38683800424e-06	1.77382018785e-05	0.0	1.04026880546e-05	0.0	0.0	0.0	0.0	0.0	0.0	1.86765777039e-05	5.81524952266e-05	0.0	0.0	7.10636090364e-06	4.88372660898e-05	0.0	0.0	0.0	0.00476306790425	7.17759155915e-05	0.0	0.00643574850553	0.0	0.0	0.0	0.0	0.0	0.0	0.0	0.0
k__Bacteria;p__Firmicutes;c__Clostridia;o__Clostridiales;f__Veillonellaceae	1.54418690838e-05	0.0	0.0	1.27736760085e-05	2.66073028177e-05	1.77961275626e-05	0.0	3.67920293748e-05	0.0	1.3074288105e-05	0.0	0.0	8.35973616673e-06	1.86765777039e-05	9.69208253777e-06	0.0	1.1878036323e-05	0.0	1.62790886966e-05	0.0	0.000146887814432	7.88879948249e-06	0.00598436736688	0.000394767535753	0.000111439237756	0.00627464281172	2.86020736503e-05	0.0	0.000495959742585	0.000543677536003	0.0	0.00408163265306	0.0	0.0
k__Bacteria;p__Planctomycetes;c__Phycisphaerae;o__WD2101;f__	0.000270232708967	4.45935852128e-05	7.91320793536e-06	0.000108576246072	7.98219084531e-05	0.000169063211845	0.0	2.20752176249e-05	1.29198131795e-05	1.3074288105e-05	0.0	0.000158371040724	8.35973616673e-06	0.0	0.0	6.26937410748e-05	5.93901816152e-06	0.000113701774458	0.0	0.000354898645122	0.000110165860824	3.155519793e-05	0.00704282690116	0.00288898060256	0.001936256756	0.0030270911943	2.14515552378e-05	0.0	0.00188706633764	0.00317355957062	0.0	0.0	0.0	0.0
k__Bacteria;p__Planctomycetes;c__Planctomycetia;o__Gemmatales;f__Gemmataceae	0.0	0.0	0.0	0.0	1.77382018785e-05	0.0	0.0	0.0	1.29198131795e-05	0.0	3.29530912746e-05	5.65610859729e-06	0.0	0.0	7.75366603022e-05	1.39319424611e-05	0.0	0.0	3.25581773932e-05	0.0	0.00730766876798	7.88879948249e-06	0.0	0.0	0.0	8.47924704286e-06	0.0	0.0	0.000120965790874	5.05746545119e-05	0.0	0.0	0.0	0.0
k__Bacteria;p__Proteobacteria;c__Alphaproteobacteria;o__Caulobacterales;f__Caulobacteraceae	5.40465417934e-05	0.000289858303883	4.74792476122e-05	0.00167335155711	0.000425716845083	0.000720743166287	3.12080641638e-05	0.000360561887873	7.10589724873e-05	0.00047067437178	0.00012082800134	0.000424208144796	5.01584170004e-05	0.0	0.000862595345862	0.000188081223225	0.00035040207153	7.81699699401e-05	0.000309302685236	0.000104381954448	0.00145663749311	0.000110443192755	0.00881371112197	0.00823628631413	0.0124254750098	0.00613049561199	2.86020736503e-05	0.0	0.0165481201916	0.0159815908258	0.0	0.0163265306122	0.0	0.025641025641
k__Bacteria;p__Proteobacteria;c__Alphaproteobacteria;o__Ellin329;f__	4.63256072515e-05	0.000468232644734	7.12188714183e-05	0.000395983956263	7.98219084531e-05	8.89806378132e-05	1.04026880546e-05	0.000456221164247	5.1679252718e-05	0.00036608006694	5.4921818791e-06	0.00039592760181	2.50792085002e-05	9.33828885195e-06	0.000271378311058	4.87617986138e-05	1.78170544846e-05	2.13190827109e-05	8.13954434831e-06	0.000313145863343	0.000807882979375	0.000331329578265	0.00968897573685	0.00830806222972	0.005014765699	0.00939500572349	2.14515552378e-05	0.0	0.0043305753133	0.00350229482495	0.0	0.0	0.0	0.0
k__Bacteria;p__Proteobacteria;c__Alphaproteobacteria;o__Rhizobiales;f__	0.000138976821755	0.000401342266915	0.000640969842765	0.000702552180466	0.000203989321602	0.000854214123007	0.000291275265529	0.00114791131649	0.000465113274462	0.000745234421986	0.000373468367778	0.00183823529412	0.000392907599836	0.000326840109818	0.00206441358055	0.000104489568458	0.000380097162337	6.39572481328e-05	0.000732558991348	0.00106469593537	0.00479833527144	0.000623215159117	0.00722602182055	0.00541908162716	0.00631024683791	0.00873362445415	0.000521987844119	0.0	0.00585474427832	0.00697930232264	0.0	0.0	0.0	0.0
k__Bacteria;p__Proteobacteria;c__Alphaproteobacteria;o__Rhizobiales;f__Beijerinckiaceae	0.000332000185302	0.000100335566729	7.91320793536e-06	0.000242699844161	4.43455046962e-05	0.000302534168565	0.0	3.67920293748e-05	0.0	0.0	5.4921818791e-06	2.82805429864e-05	3.34389446669e-05	9.33828885195e-06	7.75366603022e-05	8.35916547665e-05	0.0	0.000582721594099	0.000187209520011	0.000417527817791	0.000159128465634	8.67767943074e-05	0.000386744829832	0.00188411778428	0.00650526550398	0.000373086869886	0.00166607079013	0.0	0.000592732375284	0.000796550808562	0.0	0.0	0.0	0.0
k__Bacteria;p__Proteobacteria;c__Alphaproteobacteria;o__Rhizobiales;f__Bradyrhizobiaceae	0.000108093083587	0.000122632359335	6.33056634829e-05	0.000472626012314	8.86910093924e-05	0.00020465546697	1.04026880546e-05	0.000367920293748	0.000103358505436	0.0	7.68905463073e-05	7.9185520362e-05	0.000117036306334	9.33828885195e-06	1.93841650755e-05	0.000167183309533	5.93901816152e-05	0.000255828992531	0.000309302685236	0.000250516690675	0.00105269600343	0.000118331992237	0.00559762253705	0.0017046779953	0.00167158856633	0.00295077797092	0.000235967107615	0.0	0.00198383897034	0.00259195104373	0.0	0.0612244897959	0.0	0.0
k__Bacteria;p__Proteobacteria;c__Alphaproteobacteria;o__Rhizobiales;f__Brucellaceae	0.000123534952671	1.11483963032e-05	3.16528317415e-05	6.38683800424e-06	3.5476403757e-05	3.55922551253e-05	0.0	0.000191318552749	0.000180877384513	0.000169965745365	0.000296577821471	5.65610859729e-06	0.000125396042501	0.0	0.000116304990453	6.96597123054e-06	0.0	0.0	0.0	0.0	0.000306016280066	3.155519793e-05	0.000223904901482	0.00296075651815	0.00403967236864	0.000305252893543	1.43010368252e-05	0.0	0.00285479266463	0.00351493848858	0.0	0.0	0.0	0.0
k__Bacteria;p__Proteobacteria;c__Alphaproteobacteria;o__Rhizobiales;f__Hyphomicrobiaceae	0.00754335304745	0.000613161796676	0.000371920772962	0.00102828091868	0.000203989321602	0.000373718678815	0.000104026880546	0.000419429134872	0.000755809071001	0.00105901733651	0.00042289800469	0.000723981900452	0.000200633668001	9.33828885195e-06	0.000678445777644	6.96597123054e-05	4.75121452921e-05	0.00036953076699	0.000341860862629	0.000668044508465	0.00441887508415	0.00109654312807	0.00396922325354	0.00130991045955	0.00174123808993	0.00278119303006	0.00341794780122	0.0	0.0159190980791	0.015564349926	0.0	0.0979591836735	0.0	0.0512820512821
k__Bacteria;p__Proteobacteria;c__Alphaproteobacteria;o__Rhizobiales;f__Methylocystaceae	0.00447814203431	0.00546271418856	0.00119489439824	0.00368520552845	0.0044522886715	0.00263382687927	0.000509731714675	0.00328184902023	0.00408912087131	0.00105901733651	0.00320743421739	0.00319004524887	0.000802534672006	6.53680219637e-05	0.000823827015711	0.0166765351259	0.000570145743506	0.00549321697852	0.00372791131152	0.000688920899355	0.0831629842708	0.00325018538679	0.0581745644032	0.0268441924312	0.0454114893854	0.0614236655785	0.0245477297104	0.00699300699301	0.0704625731843	0.0716642854434	0.0	0.0938775510204	0.0	0.0769230769231
k__Bacteria;p__Proteobacteria;c__Alphaproteobacteria;o__Rhizobiales;f__Phyllobacteriaceae	0.000501860745225	1.11483963032e-05	5.53924555476e-05	0.000651457476433	0.000487800551658	5.33883826879e-05	0.00114429568601	0.000529805222996	1.93797197693e-05	2.614857621e-05	3.29530912746e-05	4.52488687783e-05	0.00099480860384	2.80148665559e-05	2.90762476133e-05	0.0	0.000724560215705	0.000149233578977	0.000105814076528	0.0	0.00151784074913	0.0	0.000305324865657	0.000699815177017	0.00104474285396	0.000390045363972	8.5806220951e-05	0.0	0.0649586296995	0.051421779975	0.0	0.0	0.0	0.0
k__Bacteria;p__Proteobacteria;c__Alphaproteobacteria;o__Rhizobiales;f__Rhizobiaceae	7.72093454192e-06	0.0	0.0	0.000134123598089	5.32146056354e-05	1.77961275626e-05	0.0	0.000125092899874	0.0	3.9222864315e-05	0.0	0.0	2.50792085002e-05	0.0	0.0	1.39319424611e-05	1.1878036323e-05	5.68508872292e-05	0.000138372253921	0.0	0.0	2.36663984475e-05	0.000284969874613	0.00414505912541	0.00410932189224	0.000152626446772	0.0	0.0	0.00775390719505	0.00823102502181	0.0	0.0	0.0	0.0
k__Bacteria;p__Proteobacteria;c__Alphaproteobacteria;o__Rhodobacterales;f__Rhodobacteraceae	0.000802977192359	0.000111483963032	2.37396238061e-05	0.00025547352017	4.43455046962e-05	0.0430666287016	5.2013440273e-05	0.00104489363424	7.7518879077e-05	5.22971524201e-05	1.64765456373e-05	0.000135746606335	0.000292590765835	3.73531554078e-05	0.0	0.00013235345338	8.31462542612e-05	7.81699699401e-05	4.88372660898e-05	0.000104381954448	0.00175041312198	7.88879948249e-05	0.0042745481192	0.00656749627662	0.00639382626623	0.00423114427439	0.000393278512692	0.0	0.0110804664441	0.0109241253746	0.0	0.0	0.0	0.0
k__Bacteria;p__Proteobacteria;c__Alphaproteobacteria;o__Rhodospirillales;f__Acetobacteraceae	7.72093454192e-06	0.00024526471867	3.16528317415e-05	0.000102189408068	0.000274942129116	0.0	1.04026880546e-05	0.000397353917247	1.29198131795e-05	0.0	3.29530912746e-05	3.39366515837e-05	1.67194723335e-05	0.0	9.69208253777e-06	5.57277698443e-05	2.37560726461e-05	7.10636090364e-05	0.000113953620876	0.000146134736227	0.00233796437971	0.000181442388097	0.0174442273245	0.00751852715821	0.0103917089207	0.0159749014288	4.29031104755e-05	0.0	0.0135481685779	0.0137563060272	0.0	0.0367346938776	0.0	0.025641025641
k__Bacteria;p__Proteobacteria;c__Alphaproteobacteria;o__Rhodospirillales;f__Rhodospirillaceae	0.000185302429006	0.0	0.0	7.66420560509e-05	4.43455046962e-05	9.78787015945e-05	1.04026880546e-05	0.000485654787747	0.0	0.0	5.4921818791e-06	1.13122171946e-05	0.0	2.80148665559e-05	1.93841650755e-05	0.0	1.78170544846e-05	1.42127218073e-05	1.62790886966e-05	0.000334022254233	0.00105269600343	0.0	0.0443942354665	0.0108022752965	0.0206998384131	0.0918217662272	0.0	0.0	0.103050757246	0.106396429429	0.0	0.0	0.0	0.0769230769231
k__Bacteria;p__Proteobacteria;c__Alphaproteobacteria;o__Rickettsiales;f__	0.0	0.000234116322367	0.000910018912567	0.00042153130828	0.0	1.77961275626e-05	0.000353691393856	1.47168117499e-05	0.000206717010872	0.00192192035144	0.000192226365768	0.000231900452489	5.85181531671e-05	0.000550959042265	0.00149258071082	2.78638849222e-05	0.000112841345069	0.0	4.06977217415e-05	0.0	9.79252096212e-05	3.94439974125e-05	6.10649731314e-05	0.0085054459976	0.00814899426088	8.47924704286e-06	7.15051841258e-06	0.0	0.000762084482508	0.000442528226979	0.0	0.0	0.0	0.0
k__Bacteria;p__Proteobacteria;c__Alphaproteobacteria;o__Sphingomonadales;Other	3.86046727096e-05	0.0	0.0	6.38683800424e-06	0.0	0.000391514806378	0.0	8.09424646245e-05	0.0	0.0	0.0	1.13122171946e-05	0.0	0.0	0.0	0.0	0.0	0.0	8.13954434831e-06	0.0	1.22406512026e-05	0.0	0.00140449438202	0.0016867340164	0.00303671922884	0.00254377411286	7.15051841258e-06	0.0	0.0411041757391	0.0474137386049	0.0	0.00408163265306	0.0	0.0
k__Bacteria;p__Proteobacteria;c__Alphaproteobacteria;o__Sphingomonadales;f__Sphingomonadaceae	0.00208465232632	0.000122632359335	0.000822973625278	0.0124223999182	0.00057649156105	0.0121369589977	0.000530537090784	0.00481975584809	0.000975445895052	0.00169965745365	0.0055690724254	0.000378959276018	0.00179734327585	0.00181162803728	0.0015895015362	0.000417958273832	0.00119374265047	0.000355318045182	0.00560000651164	0.000125258345337	0.0051043515515	0.000362884776195	0.0444145904576	0.0657826266396	0.0837326572686	0.052418705219	0.000572041473007	0.0	0.0417211012726	0.0379057035567	0.0714285714286	0.0204081632653	0.0	0.0
k__Bacteria;p__Proteobacteria;c__Betaproteobacteria;o__Burkholderiales;f__	0.000146697756296	0.000200671133457	3.95660396768e-05	0.000926091510615	7.98219084531e-05	0.000382616742597	5.2013440273e-05	0.00181016784524	9.04386922565e-05	7.84457286301e-05	8.23827281864e-05	6.22171945701e-05	0.000192273931835	6.53680219637e-05	0.000145381238067	0.000139319424611	8.90852724228e-05	5.68508872292e-05	0.000756977624393	0.000334022254233	0.00263174000857	6.311039586e-05	0.00405064321772	0.00520375388039	0.0112553630133	0.00390045363972	0.000114408294601	0.0	0.000762084482508	0.000632183181399	0.0	0.0	0.0	0.0
k__Bacteria;p__Proteobacteria;c__Betaproteobacteria;o__Burkholderiales;f__Burkholderiaceae	0.000911070275946	0.000367897078005	0.000174090574578	0.00348082671231	0.00011529831221	0.000765233485194	7.28188163822e-05	0.00162620769836	5.81391593078e-05	0.000745234421986	5.4921818791e-05	0.000164027149321	0.000593541267838	3.73531554078e-05	0.001153357822	0.000160217338302	0.000249438762784	0.000149233578977	0.00748024125609	0.000146134736227	0.00148111879552	0.000299774380335	0.0108695652174	0.0302356044429	0.0205744692706	0.00614745410608	0.000100107257776	0.0	0.0101127401171	0.0106206774475	0.0	0.0	0.0	0.0
k__Bacteria;p__Proteobacteria;c__Betaproteobacteria;o__Burkholderiales;f__Comamonadaceae	0.000262511774425	0.000401342266915	0.000340267941221	0.00432388932887	0.000283811230056	0.0162567625285	0.000114429568601	0.0416706524698	0.000193797197693	0.00020918860968	0.000296577821471	0.00039592760181	0.000626980212504	0.00328707767589	0.000823827015711	0.000473686043677	0.000374158144176	0.000419275293315	0.0120628047242	0.00536523245861	0.0152763327009	0.000165664789132	0.0973172121804	0.0365159970572	0.0533793948849	0.117954805613	0.000286020736503	0.0	0.197476653602	0.194143455008	0.0	0.0	0.0	0.128205128205
k__Bacteria;p__Proteobacteria;c__Betaproteobacteria;o__Burkholderiales;f__Oxalobacteraceae	0.000779814388734	0.000345600285399	0.000522271723734	0.000855836292568	0.000363633138509	0.00261603075171	4.16107522184e-05	0.00876386139707	0.0778741739394	0.00109824020082	0.00433333150261	0.00482466063348	0.000744016518839	0.000709709952748	0.000591217034804	1.39319424611e-05	0.00106308425091	0.000198978105302	0.047836102135	0.0162835848938	0.00064875451374	0.0	0.0120297997069	0.0520016508461	0.0485178581379	0.0178403357782	7.15051841258e-06	0.0	0.00151207238593	0.00160574528075	0.0	0.00408163265306	0.0	0.0
k__Bacteria;p__Proteobacteria;c__Betaproteobacteria;o__Ellin6067;f__	0.0	0.0	0.0	0.0	0.0	0.0310631406606	0.0	0.0	0.0	0.0	0.0	0.0	0.0	0.0	0.0	0.0	0.0	0.0	0.0	0.0	0.0	3.94439974125e-05	0.0	0.0	0.0	0.0	0.0	0.0	0.0	0.0	0.0	0.0	0.0	0.0
k__Bacteria;p__Proteobacteria;c__Betaproteobacteria;o__Neisseriales;f__Neisseriaceae	2.31628036258e-05	1.11483963032e-05	0.0	1.27736760085e-05	0.0	1.77961275626e-05	0.0	0.000110376088124	6.45990658975e-06	0.0	4.94296369119e-05	0.0	0.0	0.0	0.0	0.0	0.0	7.10636090364e-06	0.0	0.0	1.22406512026e-05	2.36663984475e-05	0.00486484285947	0.000502431409141	0.00117011199643	0.00583372196549	0.0	0.0	0.0118909372429	0.0181057263153	0.0	0.0	0.0	0.0
k__Bacteria;p__Proteobacteria;c__Betaproteobacteria;o__Procabacteriales;f__Procabacteriaceae	0.0	0.00052397462625	0.0	0.0	8.86910093924e-06	0.0	0.0	2.20752176249e-05	0.0	0.0	0.0	0.000480769230769	8.35973616673e-06	0.0	0.0	7.66256835359e-05	0.0	0.0	0.0	0.000187887518006	0.0	0.0	0.0	0.00432449891439	0.00514013484148	0.0	3.57525920629e-05	0.0	0.000314511056273	0.00018965495442	0.0	0.0	0.0	0.0
k__Bacteria;p__Proteobacteria;c__Betaproteobacteria;o__Rhodocyclales;f__Rhodocyclaceae	7.72093454192e-06	0.000512826229947	0.0	0.00351914774034	3.5476403757e-05	0.000596170273349	0.00024966451331	0.0312364329392	9.04386922565e-05	1.3074288105e-05	1.64765456373e-05	3.39366515837e-05	2.50792085002e-05	0.000364193265226	0.000135689155529	0.000195047194455	0.000154414472199	7.81699699401e-05	0.00201046745403	0.00686833260266	0.00205642940204	7.88879948249e-06	0.0929001791239	0.0200793123867	0.0299492951468	0.0828422436088	2.86020736503e-05	0.0	0.103691875937	0.119280322666	0.0	0.0	0.0	0.128205128205
k__Bacteria;p__Proteobacteria;c__Betaproteobacteria;o__Thiobacterales;f__Thiobacteraceae	7.72093454192e-06	6.68903778192e-05	0.0	3.19341900212e-05	0.0	0.000151267084282	2.08053761092e-05	8.09424646245e-05	0.0	0.0	0.0	0.0	0.0	2.80148665559e-05	0.0	6.96597123054e-06	0.0	0.0	4.88372660898e-05	0.000104381954448	0.000195850419242	0.0	0.0291687021658	0.00694431983348	0.00819078397504	0.0265315639971	0.0	0.0	0.0	2.52873272559e-05	0.0	0.0	0.0	0.0
k__Bacteria;p__Proteobacteria;c__Deltaproteobacteria;o__Myxococcales;f__Myxococcaceae	0.0	0.0	3.16528317415e-05	5.10947040339e-05	8.86910093924e-06	1.77961275626e-05	0.0	0.000169243335124	7.7518879077e-05	1.3074288105e-05	3.84452731537e-05	0.000118778280543	5.85181531671e-05	0.0	9.69208253777e-06	6.96597123054e-06	0.0	4.97445263255e-05	0.0	0.0	0.00233796437971	0.0	0.00042745481192	0.0	0.0	0.0007716114809	7.15051841258e-06	0.0	0.00134272027871	0.00188390588057	0.0	0.0	0.0	0.0
k__Bacteria;p__Proteobacteria;c__Gammaproteobacteria;o__Enterobacteriales;f__Enterobacteriaceae	0.0	0.0	0.0	0.00046623917431	0.0	0.0	0.0	0.000883008704994	3.87594395385e-05	0.00210496038491	5.4921818791e-06	5.65610859729e-06	0.0	0.0	0.0	0.0	0.0	0.0	8.13954434831e-06	0.00561574914929	0.0	0.0	0.0	0.0	2.78598094389e-05	1.69584940857e-05	0.0	0.0	0.00108869211787	0.000708045163166	0.0	0.0	0.0	0.0
k__Bacteria;p__Proteobacteria;c__Gammaproteobacteria;o__Legionellales;f__Legionellaceae	0.0	0.0	0.00117906798237	0.0	0.0	0.0	0.00125872525461	7.35840587495e-05	0.000490952900821	0.00138587453913	0.000521757278514	0.000107466063348	5.85181531671e-05	0.000252133799003	0.000949824088702	0.0	0.0	0.0	0.0	0.0	0.0	7.09991953425e-05	0.0	0.000663927219222	0.000780074664289	0.0	0.0	0.0	0.0	1.2643663628e-05	0.0	0.0	0.0	0.0
k__Bacteria;p__Proteobacteria;c__Gammaproteobacteria;o__Pseudomonadales;f__Moraxellaceae	0.764704519835	0.67928293515	0.74807511217	0.256712566742	0.643701607968	0.595093607631	0.668986466103	0.658827511608	0.768631985581	0.701291739665	0.594287032409	0.815548642534	0.783415955392	0.651681825822	0.716244899542	0.442784995298	0.782928886197	0.318457351175	0.699138022254	0.825849147199	0.276516310668	0.430807339739	0.0303289366553	0.067648800445	0.0839276759347	0.0299995760376	0.000293171254916	0.58041958042	0.0127497943582	0.0160195218166	0.571428571429	0.0	0.666666666667	0.0
k__Bacteria;p__Proteobacteria;c__Gammaproteobacteria;o__Pseudomonadales;f__Pseudomonadaceae	0.00756651585108	0.00251953756452	0.00815851738136	0.0136869938431	4.43455046962e-05	4.44903189066e-05	2.08053761092e-05	0.0112510025828	0.00164727618039	0.0396281672463	0.00012082800134	0.00317873303167	0.0243435517175	0.0459070279962	0.0171452940093	0.000250774964299	0.00260722897291	0.000746167894883	0.0151558315765	0.0102294315359	8.56845584185e-05	0.000260330382922	0.00144520436411	0.00437833085108	0.00309243884772	0.0016619324204	2.14515552378e-05	0.0	0.00338704214448	0.00378045542476	0.0	0.0	0.0	0.025641025641
k__Bacteria;p__Proteobacteria;c__Gammaproteobacteria;o__Xanthomonadales;f__Sinobacteraceae	3.08837381677e-05	0.000100335566729	3.95660396768e-05	0.000102189408068	4.43455046962e-05	0.000195757403189	0.0	7.35840587495e-05	1.29198131795e-05	5.22971524201e-05	2.19687275164e-05	1.69683257919e-05	5.01584170004e-05	0.0	8.722874284e-05	0.0	5.34511634537e-05	2.13190827109e-05	0.00014651179827	0.000187887518006	0.000257053675256	0.0	0.000325679856701	0.00387589944194	0.00312029865716	0.000695298257515	8.5806220951e-05	0.0	0.000713698166159	0.000455171890607	0.0	0.00408163265306	0.0	0.0
k__Bacteria;p__Proteobacteria;c__Gammaproteobacteria;o__Xanthomonadales;f__Xanthomonadaceae	0.00306521101314	0.0111372479069	0.0503913081324	0.000613136448407	0.000195120220663	0.000142369020501	0.000457718274402	0.0115747724413	0.00244184469093	0.00194806892765	0.00164216238185	0.0401357466063	0.00178062380351	0.000205442354743	0.00692014693197	0.000202013165686	0.141948473078	0.00036953076699	0.0622430956315	0.0158034279034	0.000563069955322	0.011493980846	0.000529229767139	0.00611889680418	0.00576698055385	0.000381566116929	8.5806220951e-05	0.223776223776	0.0116006193448	0.0120114804466	0.0	0.0	0.0	0.0
k__Bacteria;p__Spirochaetes;c__Spirochaetes;o__Spirochaetales;f__Spirochaetaceae	0.0	0.0	0.0	0.0	0.0	1.77961275626e-05	0.0	0.0	0.0	0.0	5.4921818791e-06	0.0	0.0	0.0	0.0	0.0	0.0	0.0	0.0	0.0	0.0	0.0	0.00749063670412	0.0	4.17897141584e-05	0.00701233730445	0.0	0.0	0.0	0.0	0.0	0.0	0.0	0.0
k__Bacteria;p__Verrucomicrobia;c__Opitutae;o__Opitutales;f__Opitutaceae	0.0	1.11483963032e-05	0.0	1.91605140127e-05	0.0	2.6694191344e-05	0.0	0.000117734493999	0.0	0.0	0.0	2.26244343891e-05	0.0	0.0	0.0	0.0	0.0	2.84254436146e-05	0.0	0.000104381954448	6.12032560132e-05	0.0	0.00303289366553	0.00163290207971	0.00142085028138	0.00305252893543	0.0	0.0	0.000955629747907	0.000708045163166	0.0	0.0	0.0	0.0
k__Bacteria;p__Verrucomicrobia;c__Verruco-5;o__LD1-PB3;f__	4.63256072515e-05	0.0	0.0	6.38683800424e-06	7.09528075139e-05	0.0	0.0	0.000132451305749	3.22995329488e-05	0.0	2.19687275164e-05	1.13122171946e-05	6.68778893338e-05	3.73531554078e-05	0.0	1.39319424611e-05	2.37560726461e-05	0.000220297188013	0.0	0.0	0.000428422792093	1.5777598965e-05	0.00352141345058	0.000986918839383	0.000780074664289	0.00400220460423	3.57525920629e-05	0.0	0.000749987903421	0.00142873398996	0.0	0.0	0.0	0.0
k__Bacteria;p__Verrucomicrobia;c__Verrucomicrobiae;o__Verrucomicrobiales;f__Verrucomicrobiaceae	0.0	0.000189522737154	3.16528317415e-05	7.66420560509e-05	8.86910093924e-06	5.33883826879e-05	0.0	0.00106696885187	0.0	0.0	5.4921818791e-06	0.0	4.17986808336e-05	0.0	0.0	4.17958273832e-05	0.0	0.000326892601568	0.000122093165225	0.0	0.00154232205153	1.5777598965e-05	0.00488519785051	0.0141757433293	0.0188610909901	0.00512146521389	0.000128709331427	0.0	0.00512894953307	0.00486781049677	0.0	0.0	0.0	0.025641025641
k__Bacteria;p__Verrucomicrobia;c__[Methylacidiphilae];o__Methylacidiphilales;f__	0.000131255887213	0.0	0.0	1.91605140127e-05	0.0	0.0	0.0	3.67920293748e-05	0.0	0.0	0.0	0.000152714932127	0.0	0.0	2.90762476133e-05	6.96597123054e-06	0.0	0.0	0.0	0.0	4.89626048106e-05	0.0	0.000651359713402	0.00947442085808	0.00721569064468	0.0002374189172	2.86020736503e-05	0.0	0.000967726326995	0.000531033872375	0.0	0.0	0.0	0.0
k__Bacteria;p__Verrucomicrobia;c__[Pedosphaerae];o__[Pedosphaerales];f__	7.72093454192e-06	0.0	0.0	0.0	0.0	0.0	0.0	0.0	6.45990658975e-06	0.0	0.0	0.0	0.0	0.0	0.0	0.0	0.0	0.0	0.0	0.0	0.0	0.0	0.00417277316398	0.00107663873387	0.000585055998217	0.000627464281172	0.0	0.0	0.00266124739924	0.0022126411349	0.0	0.0	0.0	0.0
k__Bacteria;p__Verrucomicrobia;c__[Pedosphaerae];o__[Pedosphaerales];f__Ellin515	1.54418690838e-05	0.0	0.0	1.91605140127e-05	0.0	2.6694191344e-05	0.0	0.0	0.0	1.3074288105e-05	0.0	5.65610859729e-06	8.35973616673e-06	0.0	9.69208253777e-06	0.0	0.0	1.42127218073e-05	0.0	0.0	2.44813024053e-05	0.0	0.0175256472887	0.00794918265176	0.00331531732323	0.00431593674482	7.15051841258e-06	0.0	0.0024072192384	0.00230114678029	0.0	0.0	0.0	0.0
k__Bacteria;p__Verrucomicrobia;c__[Pedosphaerae];o__[Pedosphaerales];f__auto67_4W	0.000664000370605	0.00024526471867	7.91320793536e-05	0.000817515264543	0.000771611781714	0.00104107346241	0.000145637632764	0.00278147742073	0.000109818412026	0.000483748659885	0.000142796728856	0.000888009049774	0.000902851506006	1.86765777039e-05	0.000629985364955	0.000438856187524	0.00019598759933	0.000987784165607	0.000773256713089	0.000835055635582	0.00450455964257	7.09991953425e-05	0.0742753623188	0.137684150083	0.0899871844877	0.0448043413745	0.000514837325706	0.0	0.0759665166691	0.0799585287833	0.0	0.0897959183673	0.0	0.179487179487
k__Bacteria;p__Verrucomicrobia;c__[Spartobacteria];o__[Chthoniobacterales];f__[Chthoniobacteraceae]	0.000555907287018	0.171640709484	4.74792476122e-05	0.000849449454564	0.000478931450719	5.33883826879e-05	7.28188163822e-05	0.00468730454234	5.1679252718e-05	0.00036608006694	9.88592738237e-05	0.0172794117647	0.00129575910584	0.00162486226024	0.00114366573946	0.000835916547665	0.000243499744622	0.000241616270724	0.000634884459168	0.0150518778314	0.00384356447763	0.000110443192755	0.0270924930793	0.0548009115541	0.0494511617541	0.0278034510535	0.000214515552378	0.0	0.0215561039338	0.023858593266	0.0	0.118367346939	0.0	0.025641025641