# Constructed from biom file
#OTU ID	T12	S5	S11	T9	S7	S9	T15	T2	T5	S15	T4	S13	T13	T8	S14	S6	T1	T14	T3	S12	S4	S10	T6	T11	T10	T7	S8	N14	S2	S3	T16	N8	N9	S1
Unassigned;Other;Other;Other;Other;Other	0.00153646597384	0.000981058874681	0.000110784911095	0.00791967912526	0.00281150499774	0.00151267084282	0.00227818868396	0.00617370252908	0.000155037758154	0.00036608006694	3.29530912746e-05	0.000339366515837	0.00387891758136	8.40445996676e-05	0.000407067466587	0.000271672877991	0.00206083930205	0.002139014632	0.00188837428881	0.00141959458049	0.0428177979068	0.00145942790426	0.0333414753298	0.0998582425667	0.100016715886	0.0315343197524	0.00161601716124	0.0	0.00290317898098	0.00281953698904	0.0	0.0	0.0	0.0
k__Archaea;p__Euryarchaeota;c__Methanobacteria;o__Methanobacteriales;f__Methanobacteriaceae;g__Methanobacterium	0.00536604950663	0.000367897078005	0.000451052852316	0.000760033722505	0.000541015157294	0.00013347095672	0.00013523494471	0.00104489363424	0.00153099786177	0.000169965745365	0.000812842918106	0.000197963800905	0.000551742587004	0.000317501820966	0.000106612907916	0.00167879906656	0.000237560726461	0.00363845678267	0.000748838080044	0.000104381954448	0.00730766876798	0.000670547956012	0.040404657222	0.00694431983348	0.0065888449323	0.0404205706533	0.00707901322846	0.0	0.00753616877147	0.00806665739465	0.0	0.0	0.0	0.0
k__Archaea;p__Euryarchaeota;c__Methanomicrobia;o__Methanomicrobiales;f__Methanoregulaceae;g__Candidatus Methanoregula	7.72093454192e-06	0.0	0.0	0.000114963084076	0.0	3.55922551253e-05	0.0	4.41504352497e-05	0.0	0.0	0.0	0.0	0.0	0.0	0.0	0.0	0.0	2.13190827109e-05	2.44186330449e-05	0.0	3.67219536079e-05	0.0	0.0029718286924	0.000197383767877	0.00104474285396	0.00373086869886	0.0	0.0	0.000338704214448	0.000354022581583	0.0	0.0	0.0	0.0
k__Bacteria;p__Acidobacteria;c__Acidobacteriia;o__Acidobacteriales;f__Acidobacteriaceae;g__	0.000115814018129	2.22967926064e-05	0.000134524534901	0.000249086682165	7.98219084531e-05	0.000115674829157	0.000124832256655	0.000883008704994	0.0	5.22971524201e-05	5.4921818791e-06	0.000147058823529	1.67194723335e-05	3.73531554078e-05	1.93841650755e-05	1.39319424611e-05	2.96950908076e-05	0.000113701774458	0.000284884052191	2.08763908895e-05	0.000905808188996	1.5777598965e-05	0.0484652336753	0.0180875307291	0.0141806430044	0.0361894263789	7.15051841258e-06	0.0	0.0140804180578	0.0158677978531	0.0	0.0530612244898	0.0	0.0769230769231
k__Bacteria;p__Acidobacteria;c__Acidobacteriia;o__Acidobacteriales;f__Acidobacteriaceae;g__Acidobacterium	0.0	0.0	0.0	0.0	0.0	0.0	0.0	0.0	0.0	0.0	0.0	0.0	0.0	0.0	0.0	0.0	0.0	0.0	0.0	0.0	0.0	0.0	0.00360283341475	7.17759155915e-05	8.35794283167e-05	0.00356976300505	0.0	0.0	0.0	3.79309908839e-05	0.0	0.0	0.0	0.0
k__Bacteria;p__Acidobacteria;c__Acidobacteriia;o__Acidobacteriales;f__Koribacteraceae;g__Candidatus Koribacter	0.0	0.0	7.91320793536e-06	3.83210280254e-05	0.0	4.44903189066e-05	2.08053761092e-05	0.000176601740999	0.0	7.84457286301e-05	5.4921818791e-06	1.69683257919e-05	4.17986808336e-05	9.33828885195e-06	0.0	1.39319424611e-05	5.93901816152e-06	3.55318045182e-05	8.13954434831e-06	2.08763908895e-05	9.79252096212e-05	0.0	0.00354176844162	0.00215327746775	0.00135120075779	0.00298469495909	7.15051841258e-06	0.0	0.00268544055741	0.00300919194346	0.0	0.0244897959184	0.0	0.0
k__Bacteria;p__Acidobacteria;c__Holophagae;o__Holophagales;f__Holophagaceae;g__	0.000131255887213	7.80387741223e-05	0.0	0.000357662928237	2.66073028177e-05	8.89806378132e-06	2.08053761092e-05	0.000478296381872	3.22995329488e-05	1.3074288105e-05	5.4921818791e-06	1.69683257919e-05	1.67194723335e-05	1.86765777039e-05	0.0	1.39319424611e-05	1.78170544846e-05	4.97445263255e-05	0.00014651179827	4.17527817791e-05	0.00132199032989	4.7332796895e-05	0.00571975248331	0.0110893789589	0.0105031481585	0.0061728918472	3.57525920629e-05	0.0	0.00327817293269	0.00443792593342	0.0	0.0244897959184	0.0	0.0
k__Bacteria;p__Actinobacteria;c__Actinobacteria;o__Actinomycetales;f__Gordoniaceae;g__Gordonia	0.000239348970799	5.5741981516e-05	3.16528317415e-05	3.83210280254e-05	3.5476403757e-05	0.0	1.04026880546e-05	9.56592763744e-05	0.000116278318616	6.53714405251e-05	0.000115335819461	0.0	1.67194723335e-05	9.33828885195e-06	3.87683301511e-05	0.000104489568458	0.0	6.39572481328e-05	6.51163547865e-05	6.26291726686e-05	0.000306016280066	8.67767943074e-05	0.000915974596971	0.000376823556855	0.000334317713267	0.000635943528215	2.86020736503e-05	0.0	0.00255237818745	0.00271838768001	0.0	0.0	0.0	0.0
k__Bacteria;p__Actinobacteria;c__Actinobacteria;o__Actinomycetales;f__Microbacteriaceae;g__	0.000355162988928	0.014671289535	0.000245309445996	0.0127161944664	0.00271394488741	0.000444903189066	0.000447315586348	0.02283313343	0.000678290191924	0.000588342964726	0.000928178737567	0.00117081447964	0.00348600998152	0.00496796966924	0.00389621718019	7.66256835359e-05	0.00816614997209	0.000717742451268	0.00813140480396	0.00292269472454	0.00749127853602	0.000402328773607	0.00307360364761	1.79439788979e-05	0.000348247617986	0.00825030737271	7.15051841258e-06	0.0	0.0129191464654	0.0117206761831	0.0	0.0	0.0	0.025641025641
k__Bacteria;p__Actinobacteria;c__Actinobacteria;o__Actinomycetales;f__Mycobacteriaceae;g__Mycobacterium	4.63256072515e-05	0.00156077548245	0.000356094357091	0.000740873208492	0.000337025835691	8.89806378132e-05	1.04026880546e-05	0.000640181311121	0.000639530752385	0.0002614857621	0.000615124370459	0.000141402714932	0.000585181531671	0.00513605886857	0.0004361437142	0.000369196475219	5.93901816152e-06	0.000277148075242	0.00052907038264	0.000793302853803	0.015521145725	0.001128098326	0.00584188242957	5.38319366936e-05	0.00101688304452	0.00875906219528	0.000750804433321	0.0	0.00464508636957	0.00568964863259	0.0	0.0	0.0	0.0
k__Bacteria;p__Actinobacteria;c__Actinobacteria;o__Actinomycetales;f__Nocardioidaceae;g__Aeromicrobium	7.72093454192e-06	5.5741981516e-05	2.37396238061e-05	0.00054288123036	0.000133036514089	1.77961275626e-05	0.0	7.35840587495e-05	0.0	0.000143817169155	5.4921818791e-06	0.000101809954751	0.000150475251001	0.00134471359468	9.69208253777e-05	0.000139319424611	2.37560726461e-05	0.000270041714339	8.95349878314e-05	0.000146134736227	0.000306016280066	0.0	0.0101571405309	3.58879577958e-05	0.000292527999108	0.0135159197863	9.29567393636e-05	0.0	0.000290317898098	0.000480459217863	0.0	0.0	0.0	0.0
k__Bacteria;p__Actinobacteria;c__Actinobacteria;o__Actinomycetales;f__Streptomycetaceae;g__Streptomyces	0.0	2.22967926064e-05	0.000158264158707	0.000146897274098	2.66073028177e-05	1.77961275626e-05	0.0	0.00127300421637	0.000103358505436	1.3074288105e-05	1.64765456373e-05	3.9592760181e-05	3.34389446669e-05	9.33828885195e-05	0.0	0.00917418411062	0.0	0.000461913458737	0.00368721358978	0.0	0.00115062121305	0.000520660765845	0.000223904901482	0.0	5.57196188778e-05	0.00132276253869	7.15051841258e-05	0.0	0.0260197416171	0.00627125715947	0.0	0.0	0.0	0.025641025641
k__Bacteria;p__Actinobacteria;c__Thermoleophilia;o__Solirubrobacterales;f__;g__	1.54418690838e-05	0.0	0.0	7.66420560509e-05	0.0	0.0	0.0	0.0	0.0	0.0	0.0	5.65610859729e-06	0.0	0.0	0.0	0.0	5.93901816152e-06	0.0	0.0	2.08763908895e-05	0.0	0.0	0.00512945774304	3.58879577958e-05	0.0	0.00337474032306	0.0	0.0	0.000435476847148	0.000720688826794	0.0	0.0	0.0	0.025641025641
k__Bacteria;p__Actinobacteria;c__Thermoleophilia;o__Solirubrobacterales;f__Conexibacteraceae;g__Conexibacter	0.000146697756296	0.000211819529761	3.95660396768e-05	0.00067700482845	0.000886910093924	0.0	8.32215044367e-05	0.00398089757835	0.00218990833393	0.0	0.0014719047436	0.000180995475113	0.00091957097834	0.000373531554078	0.000116304990453	0.000285604820452	4.75121452921e-05	0.00105884777464	4.06977217415e-05	0.0	0.00427198726972	7.88879948249e-06	0.000203549910438	3.58879577958e-05	0.000459686855742	5.08754822572e-05	5.00536288881e-05	0.0	0.000229835002661	0.000227585945304	0.0	0.0	0.0	0.0
k__Bacteria;p__Bacteroidetes;c__Bacteroidia;o__Bacteroidales;f__;g__	1.54418690838e-05	3.34451889096e-05	0.0	1.27736760085e-05	0.0	4.44903189066e-05	0.0	0.0	0.0	0.0	0.0	0.0	8.35973616673e-05	0.0	0.0	0.0	0.0	7.10636090364e-06	8.13954434831e-06	0.0	6.12032560132e-05	0.0	0.0140856538023	0.00687254391789	0.00320387808547	0.0058761182007	9.29567393636e-05	0.0	0.000701601587071	0.000733332490422	0.0	0.0	0.0	0.0
k__Bacteria;p__Bacteroidetes;c__Bacteroidia;o__Bacteroidales;f__Porphyromonadaceae;g__	0.0	0.0	0.0	0.0	0.0	0.0	0.0	0.0	0.0	0.0	0.0	3.39366515837e-05	0.0	0.0	0.0	0.0	0.0	0.0	0.0	2.08763908895e-05	0.0	0.0	0.00826412636378	0.0	0.0	0.012269470471	0.000128709331427	0.0	0.0	0.0	0.0	0.0	0.0	0.0
k__Bacteria;p__Bacteroidetes;c__Bacteroidia;o__Bacteroidales;f__Porphyromonadaceae;g__Dysgonomonas	0.000185302429006	4.45935852128e-05	0.000150350950772	0.00218429859745	0.000274942129116	0.0	0.000124832256655	0.000397353917247	0.0	0.00018304003347	0.0	0.000492081447964	0.000677138629505	8.40445996676e-05	9.69208253777e-05	4.17958273832e-05	0.000255377780945	0.000817231503919	0.000398837673067	0.0	0.0	7.88879948249e-06	4.07099820876e-05	0.000107663873387	0.000125369142475	2.54377411286e-05	5.00536288881e-05	0.0	0.000193545265399	8.85056453958e-05	0.0	0.0	0.0	0.0
k__Bacteria;p__Bacteroidetes;c__Bacteroidia;o__Bacteroidales;f__Porphyromonadaceae;g__Paludibacter	0.000733488781482	0.00100335566729	0.0	0.000498173364331	8.86910093924e-05	0.000124572892938	3.12080641638e-05	0.000963951169619	0.0	0.0	1.09843637582e-05	0.000548642533937	0.000334389446669	2.80148665559e-05	2.90762476133e-05	0.000167183309533	0.000148475454038	0.000106595413555	0.000879070789617	0.0	0.000379460187282	3.94439974125e-05	0.0490555284156	0.0267185845789	0.0128712319608	0.0313223385763	0.000293171254916	0.0	0.00449992742053	0.00499424713305	0.0	0.0	0.0	0.0
k__Bacteria;p__Bacteroidetes;c__Cytophagia;o__Cytophagales;f__Cytophagaceae;g__	0.0	1.11483963032e-05	0.0	0.0	0.0	8.89806378132e-06	0.0	0.0	1.29198131795e-05	0.0	5.4921818791e-06	0.0	0.0	0.0	0.0	0.0	0.0	0.0	0.0	0.0	0.0	7.88879948249e-06	0.0	0.0068007680023	0.00714604112108	0.0	0.0	0.0	0.00139110659505	0.00108735507201	0.0	0.0	0.0	0.0
k__Bacteria;p__Bacteroidetes;c__Cytophagia;o__Cytophagales;f__Cytophagaceae;g__Cytophaga	0.0	0.0	0.0	0.0	0.0	0.0	0.0	0.0	0.0	0.0	0.0	5.65610859729e-06	0.0	0.0	0.0	3.48298561527e-05	0.0	0.0	0.0	0.0	2.44813024053e-05	0.0	0.0	0.0134041522367	0.0107120967293	0.0	0.0	0.0	3.62897372623e-05	0.00018965495442	0.0	0.0	0.0	0.0
k__Bacteria;p__Bacteroidetes;c__Cytophagia;o__Cytophagales;f__Cytophagaceae;g__Spirosoma	4.63256072515e-05	0.0	9.49584952244e-05	8.30288940551e-05	8.86910093924e-06	0.000347024487472	0.0	0.00685067586958	2.5839626359e-05	7.84457286301e-05	0.0	0.000893665158371	0.000142115514834	2.80148665559e-05	3.87683301511e-05	0.0	0.00046918243476	4.97445263255e-05	0.000138372253921	4.17527817791e-05	0.00101597404982	0.000512771966362	0.00260543885361	0.000125607852285	0.000125369142475	0.00205197778437	7.15051841258e-06	0.0	0.000749987903421	0.000328735254327	0.0	0.0	0.0	0.0
k__Bacteria;p__Bacteroidetes;c__Flavobacteriia;o__Flavobacteriales;f__[Weeksellaceae];g__Chryseobacterium	0.00426967680168	0.0334451889096	0.00097332457605	0.00199269345732	0.000248334826299	0.00113895216401	0.000124832256655	0.00113319450474	0.0376612554182	7.84457286301e-05	0.00414659731872	0.00625	0.00121216174418	0.00162486226024	3.87683301511e-05	6.96597123054e-06	0.00097993799665	0.000142127218073	0.00107441985398	0.000730673681134	0.000269294326458	0.00164875909184	0.00016283992835	0.000143551831183	2.78598094389e-05	0.000110230211557	0.0	0.0	0.000133062369962	0.000113792972652	0.0	0.0	0.0	0.0
k__Bacteria;p__Bacteroidetes;c__Sphingobacteriia;o__Sphingobacteriales;f__;g__	0.0	0.0	0.0	1.91605140127e-05	8.86910093924e-06	2.6694191344e-05	0.0	2.94336234998e-05	5.1679252718e-05	1.3074288105e-05	2.74609093955e-05	6.22171945701e-05	0.0	0.0	0.0	0.000139319424611	5.93901816152e-06	0.0	8.13954434831e-05	6.26291726686e-05	0.0	0.0	0.0140042338381	0.0173159396365	0.0115478910124	0.0140755500912	2.14515552378e-05	0.0	0.000592732375284	0.000960918435726	0.0	0.0	0.0	0.0
k__Bacteria;p__Bacteroidetes;c__Sphingobacteriia;o__Sphingobacteriales;f__Sphingobacteriaceae;Other	0.0	0.0	0.0	5.74815420382e-05	0.0	0.000311432232346	0.0	0.000389995511372	0.0	0.0	0.0	0.0	0.0	0.0	0.0	0.0	0.0	0.0	0.0	0.0	0.0	0.0	0.000203549910438	0.00567029733173	0.00753607845322	0.000390045363972	0.0	0.0	9.67726326995e-05	6.32183181399e-05	0.0	0.0	0.0	0.0
k__Bacteria;p__Bacteroidetes;c__Sphingobacteriia;o__Sphingobacteriales;f__Sphingobacteriaceae;g__	0.0	0.0	0.0	1.27736760085e-05	0.0	0.0	0.0	0.000117734493999	0.0	0.0	0.0	1.69683257919e-05	0.0	0.0	0.0	0.0	0.0	0.0	0.0	0.0	0.0	0.0	0.00154697931933	0.00105869475497	0.000585055998217	0.00224700046636	0.0	0.0	0.00665311849809	0.00587930358701	0.0	0.0	0.0	0.0
k__Bacteria;p__Bacteroidetes;c__[Saprospirae];o__[Saprospirales];f__;g__	0.0	5.5741981516e-05	0.0	0.0	0.0	0.0	0.0	0.000323769858498	1.93797197693e-05	0.0	0.0	0.0	0.0	0.0	0.0	0.0	0.000184109563007	0.0	0.0	0.0	7.34439072159e-05	0.0	0.0	0.00660338423442	0.00544659274531	0.0	0.0	0.0	0.0	0.0	0.0	0.0	0.0	0.0
k__Bacteria;p__Bacteroidetes;c__[Saprospirae];o__[Saprospirales];f__Chitinophagaceae;g__	0.000231628036258	0.000501677833644	0.000126611326966	0.000127736760085	0.00023059662442	0.00067625284738	0.0	0.0256734780977	2.5839626359e-05	0.00036608006694	6.59061825491e-05	0.00033371040724	0.000100316834001	0.0	0.000474912044351	0.000494583957368	0.00214992457447	0.000568508872292	0.00149767616009	0.000104381954448	0.0023012424261	0.000291885580852	0.0262172284644	0.0726910585153	0.078550732713	0.0378089625641	0.00025026814444	0.0	0.0145763778004	0.0119103311376	0.0	0.0	0.0	0.0
k__Bacteria;p__Bacteroidetes;c__[Saprospirae];o__[Saprospirales];f__Chitinophagaceae;g__Sediminibacterium	0.00159823345018	0.00257527954604	0.000989150991921	0.00115601767877	0.000603098863868	0.00735869874715	3.12080641638e-05	0.0114570379473	9.68985988463e-05	9.15200167351e-05	0.000109843637582	0.0014536199095	0.000810894408172	0.000793754552416	8.722874284e-05	0.00051548187106	0.00308828944399	0.00023450990982	0.00179883930098	0.00171186405294	0.00351306689516	0.000307663179817	0.036720403843	0.064831595758	0.0451746810052	0.0309407724594	0.00351090454058	0.0	0.0102095127498	0.00948274772098	0.0	0.10612244898	0.333333333333	0.0512820512821
k__Bacteria;p__Chlamydiae;c__Chlamydiia;o__Chlamydiales;f__;g__	0.000216186167174	0.0	0.00044313964438	0.00146258590297	3.5476403757e-05	4.44903189066e-05	0.0	0.0	6.45990658975e-06	9.15200167351e-05	4.39374550328e-05	7.9185520362e-05	0.00154655119084	0.000532282464561	0.000145381238067	0.000236843021838	0.0	0.000710636090364	8.13954434831e-06	0.000480156990459	0.00110165860824	3.155519793e-05	0.00144520436411	3.58879577958e-05	6.96495235973e-05	0.00286598550049	7.15051841258e-06	0.0	6.04828954372e-05	2.52873272559e-05	0.0	0.0	0.0	0.0
k__Bacteria;p__Cyanobacteria;c__4C0d-2;o__YS2;f__;g__	0.000540465417934	0.0	0.0	5.74815420382e-05	5.32146056354e-05	4.44903189066e-05	0.0	0.0	9.04386922565e-05	5.22971524201e-05	4.39374550328e-05	0.0002092760181	0.000225712876502	3.73531554078e-05	0.0	6.96597123054e-06	6.53291997767e-05	7.10636090364e-06	3.25581773932e-05	0.0	0.00271742456699	0.000102554393272	4.07099820876e-05	0.000358879577958	0.000348247617986	5.93547293e-05	0.000908115838398	0.0	0.000169352107224	0.00012643663628	0.0	0.0	0.0	0.0
k__Bacteria;p__Cyanobacteria;c__Chloroplast;o__Cryptophyta;f__;g__	0.0	0.0	0.0	0.00639961168025	0.0	0.000249145785877	0.0	0.000647539716996	0.0	0.0	0.0	5.65610859729e-05	0.0	9.33828885195e-06	0.0	6.96597123054e-06	0.0	0.00015633993988	0.00104186167658	0.00108557232626	0.00235020503091	0.0	0.000529229767139	0.00297870049705	0.00480581712821	0.00133972103277	0.0	0.0	0.00129433396236	0.00125172269917	0.0	0.0	0.0	0.0
k__Bacteria;p__Cyanobacteria;c__Chloroplast;o__Streptophyta;f__;g__	0.000347442054386	7.80387741223e-05	3.16528317415e-05	0.000600362772399	0.00011529831221	1.77961275626e-05	0.000166443008873	4.41504352497e-05	6.45990658975e-06	0.0	5.4921818791e-06	4.52488687783e-05	4.17986808336e-05	2.80148665559e-05	0.000116304990453	6.96597123054e-06	8.31462542612e-05	0.000667997924943	6.51163547865e-05	0.000146134736227	0.00160352530755	7.88879948249e-06	0.00339928350432	0.000305047641264	0.000933303616203	0.0062322465765	6.43546657133e-05	0.0	0.000133062369962	0.000214942281676	0.0	0.0	0.0	0.0
k__Bacteria;p__Cyanobacteria;c__Oscillatoriophycideae;o__Chroococcales;f__Microcystaceae;g__Microcystis	0.0	0.0	0.0	6.38683800424e-06	0.0	0.0348270216401	0.0	0.0	0.0	0.0	0.0	0.0	0.0	0.0	0.0	0.0	0.0	0.0	0.0	0.0	0.0	7.88879948249e-06	0.0	0.0	0.0	0.0	0.0	0.0	0.0	0.0	0.0	0.0	0.0	0.0
k__Bacteria;p__Firmicutes;c__Bacilli;o__Bacillales;f__Bacillaceae;g__	0.0649562223011	0.0458199088061	0.144408131612	0.524870347189	0.0649040806733	0.232043707289	0.31174775562	0.0879771006409	0.05067150729	0.222733572157	0.17396486102	0.0241742081448	0.139816587389	0.180863978485	0.213138587088	0.508836334506	0.0114326099609	0.644028169615	0.0910245244471	0.0491639005449	0.473517351123	0.306819078273	0.00177088422081	0.000412711514651	0.0005014765699	0.000890320939501	0.812828030032	0.0839160839161	0.00281850292737	0.00152988329898	0.214285714286	0.240816326531	0.0	0.0
k__Bacteria;p__Firmicutes;c__Bacilli;o__Bacillales;f__Bacillaceae;g__Bacillus	0.0817106502571	0.0224528701546	0.0349922054902	0.125475819431	0.0076629032115	0.0103395501139	0.00889429828668	0.000412070728997	0.0299545868567	0.00376539497424	0.161964443615	0.00362556561086	0.0095217394939	0.0756868311451	0.0116498832104	0.00452091532862	0.000623596906959	0.00489628266261	0.0247442148189	0.00751550072024	0.000942530142604	0.235480664552	0.000386744829832	1.79439788979e-05	0.000390037332145	0.000797049222029	0.124497676082	0.0	0.00414912662699	0.00113792972652	0.0714285714286	0.0	0.0	0.025641025641
k__Bacteria;p__Firmicutes;c__Bacilli;o__Bacillales;f__Paenibacillaceae;g__Paenibacillus	0.0151407526367	0.000133780755638	0.00222361142984	0.000625910124416	0.00192459490381	8.89806378132e-06	0.000270469889419	0.000493013193622	0.0079392251988	0.00279789765447	0.0347874800222	0.00910067873303	0.00156327066318	0.00322170965392	0.00290762476133	0.0087353279231	0.000825523524451	0.000284254436146	0.00100116395484	0.00135696540782	0.0	0.000425995172055	0.000101774955219	1.79439788979e-05	0.0	1.69584940857e-05	0.0135859849839	0.0	8.4676053612e-05	6.32183181399e-05	0.0	0.0	0.0	0.0
k__Bacteria;p__Firmicutes;c__Bacilli;o__Lactobacillales;f__Streptococcaceae;g__Lactococcus	0.0260967587517	0.0	0.000482705684057	2.5547352017e-05	0.262782591729	3.55922551253e-05	0.0	0.0342092289126	0.00900510978611	0.0107732133985	0.00862821773206	0.0590441176471	0.0149472082661	0.0173972321312	0.0117371119532	0.000195047194455	0.0355272066422	0.00692159552015	3.25581773932e-05	0.0239243439594	1.22406512026e-05	2.36663984475e-05	0.0052515876893	1.79439788979e-05	0.0	0.000423962352143	0.000114408294601	0.104895104895	0.000653215270721	0.000442528226979	0.0714285714286	0.0	0.0	0.0
k__Bacteria;p__Firmicutes;c__Clostridia;o__Clostridiales;f__Clostridiaceae;g__	0.000239348970799	2.22967926064e-05	0.000134524534901	0.000702552180466	7.09528075139e-05	0.000186859339408	0.00013523494471	8.83008704994e-05	6.45990658975e-05	0.000143817169155	5.4921818791e-06	7.9185520362e-05	0.000100316834001	0.000102721177371	0.000135689155529	0.000139319424611	5.93901816152e-06	0.000113701774458	0.000170930431314	0.000563662554018	0.000379460187282	0.000102554393272	0.0101774955219	0.000628039261426	0.00115618209171	0.011472421249	0.000257418662853	0.0	0.000810470798858	0.000695401499539	0.0	0.0	0.0	0.0
k__Bacteria;p__Firmicutes;c__Clostridia;o__Clostridiales;f__Clostridiaceae;g__Caloramator	0.0	0.0	0.0	0.0	0.0	0.0	0.0	2.20752176249e-05	0.0	0.0	1.09843637582e-05	5.65610859729e-06	0.0	0.0	0.0	0.0	0.0	0.0	0.0	0.0	0.0	0.0	0.00681892199967	0.0	0.0	0.00906431508882	0.0	0.0	0.0	0.0	0.0	0.0	0.0	0.0
k__Bacteria;p__Firmicutes;c__Clostridia;o__Clostridiales;f__Peptostreptococcaceae;g__	2.31628036258e-05	0.0	0.0	0.00025547352017	2.66073028177e-05	0.0	0.000780201604094	0.000257544205623	3.22995329488e-05	1.3074288105e-05	2.74609093955e-05	0.0	1.67194723335e-05	2.80148665559e-05	6.78445777644e-05	5.57277698443e-05	1.1878036323e-05	0.0013573149326	0.000154651342618	0.0	8.56845584185e-05	1.5777598965e-05	0.00221869402377	0.00192000574207	0.00318994818075	0.00227243820749	2.86020736503e-05	0.0	1.20965790874e-05	6.32183181399e-05	0.0	0.0	0.0	0.0
k__Bacteria;p__Firmicutes;c__Clostridia;o__Clostridiales;f__Ruminococcaceae;g__Ruminococcus	1.54418690838e-05	0.0	0.0	6.38683800424e-06	1.77382018785e-05	0.0	1.04026880546e-05	0.0	0.0	0.0	0.0	0.0	0.0	1.86765777039e-05	5.81524952266e-05	0.0	0.0	7.10636090364e-06	4.88372660898e-05	0.0	0.0	0.0	0.00476306790425	7.17759155915e-05	0.0	0.00643574850553	0.0	0.0	0.0	0.0	0.0	0.0	0.0	0.0
k__Bacteria;p__Firmicutes;c__Clostridia;o__Clostridiales;f__Veillonellaceae;g__	1.54418690838e-05	0.0	0.0	1.27736760085e-05	2.66073028177e-05	1.77961275626e-05	0.0	3.67920293748e-05	0.0	1.3074288105e-05	0.0	0.0	8.35973616673e-06	1.86765777039e-05	9.69208253777e-06	0.0	1.1878036323e-05	0.0	1.62790886966e-05	0.0	0.000146887814432	7.88879948249e-06	0.00598436736688	0.000394767535753	0.000111439237756	0.00627464281172	2.86020736503e-05	0.0	0.000495959742585	0.000543677536003	0.0	0.00408163265306	0.0	0.0
k__Bacteria;p__Planctomycetes;c__Phycisphaerae;o__WD2101;f__;g__	0.000270232708967	4.45935852128e-05	7.91320793536e-06	0.000108576246072	7.98219084531e-05	0.000169063211845	0.0	2.20752176249e-05	1.29198131795e-05	1.3074288105e-05	0.0	0.000158371040724	8.35973616673e-06	0.0	0.0	6.26937410748e-05	5.93901816152e-06	0.000113701774458	0.0	0.000354898645122	0.000110165860824	3.155519793e-05	0.00704282690116	0.00288898060256	0.001936256756	0.0030270911943	2.14515552378e-05	0.0	0.00188706633764	0.00317355957062	0.0	0.0	0.0	0.0
k__Bacteria;p__Planctomycetes;c__Planctomycetia;o__Gemmatales;f__Gemmataceae;g__Gemmata	0.0	0.0	0.0	0.0	1.77382018785e-05	0.0	0.0	0.0	1.29198131795e-05	0.0	3.29530912746e-05	5.65610859729e-06	0.0	0.0	7.75366603022e-05	1.39319424611e-05	0.0	0.0	3.25581773932e-05	0.0	0.00730766876798	7.88879948249e-06	0.0	0.0	0.0	8.47924704286e-06	0.0	0.0	0.000120965790874	5.05746545119e-05	0.0	0.0	0.0	0.0
k__Bacteria;p__Proteobacteria;c__Alphaproteobacteria;o__Caulobacterales;f__Caulobacteraceae;g__Asticcacaulis	0.0	7.80387741223e-05	7.91320793536e-06	0.00148813325499	6.20837065747e-05	0.000694048974943	0.0	0.000183960146874	6.45990658975e-06	0.00039222864315	0.0	0.000248868778281	1.67194723335e-05	0.0	0.000823827015711	2.08979136916e-05	2.96950908076e-05	0.0	0.00014651179827	0.0	0.0	0.0	0.00193372414916	0.00547291356385	0.00554410207834	0.000542671810743	1.43010368252e-05	0.0	0.00618135191368	0.00783907144934	0.0	0.0	0.0	0.0
k__Bacteria;p__Proteobacteria;c__Alphaproteobacteria;o__Caulobacterales;f__Caulobacteraceae;g__Phenylobacterium	5.40465417934e-05	0.000211819529761	3.95660396768e-05	0.000185218302123	0.000363633138509	2.6694191344e-05	3.12080641638e-05	0.000176601740999	6.45990658975e-05	7.84457286301e-05	0.00012082800134	0.000175339366516	3.34389446669e-05	0.0	3.87683301511e-05	0.000167183309533	0.000320706980722	7.81699699401e-05	0.000162790886966	0.000104381954448	0.00145663749311	0.000110443192755	0.00687998697281	0.00276337275027	0.00688137293141	0.00558782380125	1.43010368252e-05	0.0	0.0103667682779	0.00814251937641	0.0	0.0163265306122	0.0	0.025641025641
k__Bacteria;p__Proteobacteria;c__Alphaproteobacteria;o__Ellin329;f__;g__	4.63256072515e-05	0.000468232644734	7.12188714183e-05	0.000395983956263	7.98219084531e-05	8.89806378132e-05	1.04026880546e-05	0.000456221164247	5.1679252718e-05	0.00036608006694	5.4921818791e-06	0.00039592760181	2.50792085002e-05	9.33828885195e-06	0.000271378311058	4.87617986138e-05	1.78170544846e-05	2.13190827109e-05	8.13954434831e-06	0.000313145863343	0.000807882979375	0.000331329578265	0.00968897573685	0.00830806222972	0.005014765699	0.00939500572349	2.14515552378e-05	0.0	0.0043305753133	0.00350229482495	0.0	0.0	0.0	0.0
k__Bacteria;p__Proteobacteria;c__Alphaproteobacteria;o__Rhizobiales;f__;g__	0.000138976821755	0.000401342266915	0.000640969842765	0.000702552180466	0.000203989321602	0.000854214123007	0.000291275265529	0.00114791131649	0.000465113274462	0.000745234421986	0.000373468367778	0.00183823529412	0.000392907599836	0.000326840109818	0.00206441358055	0.000104489568458	0.000380097162337	6.39572481328e-05	0.000732558991348	0.00106469593537	0.00479833527144	0.000623215159117	0.00722602182055	0.00541908162716	0.00631024683791	0.00873362445415	0.000521987844119	0.0	0.00585474427832	0.00697930232264	0.0	0.0	0.0	0.0
k__Bacteria;p__Proteobacteria;c__Alphaproteobacteria;o__Rhizobiales;f__Beijerinckiaceae;g__	0.000332000185302	0.000100335566729	7.91320793536e-06	0.000242699844161	4.43455046962e-05	0.000302534168565	0.0	3.67920293748e-05	0.0	0.0	5.4921818791e-06	2.82805429864e-05	3.34389446669e-05	9.33828885195e-06	7.75366603022e-05	8.35916547665e-05	0.0	0.000582721594099	0.000187209520011	0.000417527817791	0.000159128465634	8.67767943074e-05	0.000386744829832	0.00188411778428	0.00650526550398	0.000373086869886	0.00166607079013	0.0	0.000592732375284	0.000796550808562	0.0	0.0	0.0	0.0
k__Bacteria;p__Proteobacteria;c__Alphaproteobacteria;o__Rhizobiales;f__Bradyrhizobiaceae;g__	0.000108093083587	0.000122632359335	6.33056634829e-05	0.000472626012314	8.86910093924e-05	0.00020465546697	1.04026880546e-05	0.000367920293748	0.000103358505436	0.0	7.68905463073e-05	7.9185520362e-05	0.000117036306334	9.33828885195e-06	1.93841650755e-05	0.000167183309533	5.93901816152e-05	0.000255828992531	0.000309302685236	0.000250516690675	0.00105269600343	0.000118331992237	0.00559762253705	0.0017046779953	0.00167158856633	0.00295077797092	0.000235967107615	0.0	0.00198383897034	0.00259195104373	0.0	0.0612244897959	0.0	0.0
k__Bacteria;p__Proteobacteria;c__Alphaproteobacteria;o__Rhizobiales;f__Brucellaceae;g__Ochrobactrum	0.000123534952671	1.11483963032e-05	3.16528317415e-05	6.38683800424e-06	3.5476403757e-05	3.55922551253e-05	0.0	0.000191318552749	0.000180877384513	0.000169965745365	0.000296577821471	5.65610859729e-06	0.000125396042501	0.0	0.000116304990453	6.96597123054e-06	0.0	0.0	0.0	0.0	0.000306016280066	3.155519793e-05	0.000223904901482	0.00296075651815	0.00403967236864	0.000305252893543	1.43010368252e-05	0.0	0.00285479266463	0.00351493848858	0.0	0.0	0.0	0.0
k__Bacteria;p__Proteobacteria;c__Alphaproteobacteria;o__Rhizobiales;f__Hyphomicrobiaceae;g__	0.00743525996387	0.000334451889096	0.000276962277738	0.000906930996602	0.000177382018785	0.000293636104784	8.32215044367e-05	7.35840587495e-05	0.000645990658975	0.000575268676621	0.000329530912746	0.000486425339367	0.000158834987168	9.33828885195e-06	0.000455527879275	6.26937410748e-05	1.78170544846e-05	0.000362424406086	0.000227907241753	0.0	0.00390476773364	0.00103343273221	0.00105845953428	0.000520375388039	0.0005014765699	0.0012464493153	0.00328208795138	0.0	0.0136328446315	0.013187341164	0.0	0.0367346938776	0.0	0.025641025641
k__Bacteria;p__Proteobacteria;c__Alphaproteobacteria;o__Rhizobiales;f__Hyphomicrobiaceae;g__Devosia	0.000108093083587	0.00027870990758	9.49584952244e-05	0.000121349922081	2.66073028177e-05	8.00825740319e-05	2.08053761092e-05	0.000345845076123	0.000109818412026	0.000483748659885	9.33670919446e-05	0.000237556561086	4.17986808336e-05	0.0	0.000222917898369	6.96597123054e-06	2.96950908076e-05	7.10636090364e-06	0.000113953620876	0.000668044508465	0.000514107350511	6.311039586e-05	0.00291076371926	0.000789535071507	0.00123976152003	0.00153474371476	0.000135859849839	0.0	0.00228625344753	0.00237700876206	0.0	0.0612244897959	0.0	0.025641025641
k__Bacteria;p__Proteobacteria;c__Alphaproteobacteria;o__Rhizobiales;f__Methylocystaceae;g__	0.00447814203431	0.00546271418856	0.00119489439824	0.00368520552845	0.0044522886715	0.00263382687927	0.000509731714675	0.00328184902023	0.00408912087131	0.00105901733651	0.00320743421739	0.00319004524887	0.000802534672006	6.53680219637e-05	0.000823827015711	0.0166765351259	0.000570145743506	0.00549321697852	0.00372791131152	0.000688920899355	0.0831629842708	0.00325018538679	0.0581745644032	0.0268441924312	0.0454114893854	0.0614236655785	0.0245477297104	0.00699300699301	0.0704625731843	0.0716642854434	0.0	0.0938775510204	0.0	0.0769230769231
k__Bacteria;p__Proteobacteria;c__Alphaproteobacteria;o__Rhizobiales;f__Phyllobacteriaceae;g__	0.000501860745225	1.11483963032e-05	5.53924555476e-05	0.000651457476433	0.000487800551658	5.33883826879e-05	0.00114429568601	0.000529805222996	1.93797197693e-05	2.614857621e-05	3.29530912746e-05	4.52488687783e-05	0.00099480860384	2.80148665559e-05	2.90762476133e-05	0.0	0.000724560215705	0.000149233578977	0.000105814076528	0.0	0.00151784074913	0.0	0.000305324865657	0.000699815177017	0.00104474285396	0.000390045363972	8.5806220951e-05	0.0	0.0649586296995	0.051421779975	0.0	0.0	0.0	0.0
k__Bacteria;p__Proteobacteria;c__Alphaproteobacteria;o__Rhizobiales;f__Rhizobiaceae;g__Agrobacterium	7.72093454192e-06	0.0	0.0	0.000134123598089	5.32146056354e-05	1.77961275626e-05	0.0	0.000125092899874	0.0	3.9222864315e-05	0.0	0.0	2.50792085002e-05	0.0	0.0	1.39319424611e-05	1.1878036323e-05	5.68508872292e-05	0.000138372253921	0.0	0.0	2.36663984475e-05	0.000284969874613	0.00414505912541	0.00410932189224	0.000152626446772	0.0	0.0	0.00775390719505	0.00823102502181	0.0	0.0	0.0	0.0
k__Bacteria;p__Proteobacteria;c__Alphaproteobacteria;o__Rhodobacterales;f__Rhodobacteraceae;g__	0.000802977192359	0.000111483963032	2.37396238061e-05	0.00025547352017	4.43455046962e-05	0.0430666287016	5.2013440273e-05	0.00104489363424	7.7518879077e-05	5.22971524201e-05	1.64765456373e-05	0.000135746606335	0.000292590765835	3.73531554078e-05	0.0	0.00013235345338	8.31462542612e-05	7.81699699401e-05	4.88372660898e-05	0.000104381954448	0.00175041312198	7.88879948249e-05	0.0042745481192	0.00656749627662	0.00639382626623	0.00423114427439	0.000393278512692	0.0	0.0110804664441	0.0109241253746	0.0	0.0	0.0	0.0
k__Bacteria;p__Proteobacteria;c__Alphaproteobacteria;o__Rhodospirillales;f__Acetobacteraceae;g__	0.0	0.00024526471867	3.16528317415e-05	2.5547352017e-05	0.000274942129116	0.0	0.0	0.000176601740999	1.29198131795e-05	0.0	3.29530912746e-05	3.39366515837e-05	1.67194723335e-05	0.0	9.69208253777e-06	5.57277698443e-05	1.1878036323e-05	6.39572481328e-05	0.000113953620876	8.35055635582e-05	0.00233796437971	0.000181442388097	0.00429490311024	0.0016867340164	0.00431827046303	0.00531648789587	4.29031104755e-05	0.0	0.010100643538	0.00984941396619	0.0	0.0367346938776	0.0	0.025641025641
k__Bacteria;p__Proteobacteria;c__Alphaproteobacteria;o__Rhodospirillales;f__Acetobacteraceae;g__Acidocella	7.72093454192e-06	0.0	0.0	7.66420560509e-05	0.0	0.0	1.04026880546e-05	0.000220752176249	0.0	0.0	0.0	0.0	0.0	0.0	0.0	0.0	1.1878036323e-05	7.10636090364e-06	0.0	6.26291726686e-05	0.0	0.0	0.0131493242143	0.00583179314181	0.00607343845768	0.0106584135329	0.0	0.0	0.00344752503992	0.00390689206104	0.0	0.0	0.0	0.0
k__Bacteria;p__Proteobacteria;c__Alphaproteobacteria;o__Rhodospirillales;f__Rhodospirillaceae;g__	5.40465417934e-05	0.0	0.0	0.0	8.86910093924e-06	8.89806378132e-06	0.0	0.000448862758372	0.0	0.0	5.4921818791e-06	5.65610859729e-06	0.0	2.80148665559e-05	0.0	0.0	0.0	0.0	8.13954434831e-06	0.000334022254233	0.00100373339862	0.0	0.0234082397004	1.79439788979e-05	0.0	0.0487726289905	0.0	0.0	0.0742488024387	0.0765826705946	0.0	0.0	0.0	0.0512820512821
k__Bacteria;p__Proteobacteria;c__Alphaproteobacteria;o__Rhodospirillales;f__Rhodospirillaceae;g__Azospirillum	2.31628036258e-05	0.0	0.0	1.91605140127e-05	0.0	8.89806378132e-06	0.0	1.47168117499e-05	0.0	0.0	0.0	5.65610859729e-06	0.0	0.0	0.0	0.0	0.0	0.0	0.0	0.0	1.22406512026e-05	0.0	0.00533300765348	0.0	0.0	0.0126086403527	0.0	0.0	0.0	0.0	0.0	0.0	0.0	0.0
k__Bacteria;p__Proteobacteria;c__Alphaproteobacteria;o__Rhodospirillales;f__Rhodospirillaceae;g__Telmatospirillum	0.000108093083587	0.0	0.0	5.74815420382e-05	3.5476403757e-05	8.00825740319e-05	1.04026880546e-05	2.20752176249e-05	0.0	0.0	0.0	0.0	0.0	0.0	1.93841650755e-05	0.0	1.78170544846e-05	1.42127218073e-05	8.13954434831e-06	0.0	3.67219536079e-05	0.0	0.0156529881127	0.0107843313176	0.0206998384131	0.0304404968839	0.0	0.0	0.0288019548072	0.0298137588348	0.0	0.0	0.0	0.025641025641
k__Bacteria;p__Proteobacteria;c__Alphaproteobacteria;o__Rickettsiales;f__;g__	0.0	0.000234116322367	0.000910018912567	0.00042153130828	0.0	1.77961275626e-05	0.000353691393856	1.47168117499e-05	0.000206717010872	0.00192192035144	0.000192226365768	0.000231900452489	5.85181531671e-05	0.000550959042265	0.00149258071082	2.78638849222e-05	0.000112841345069	0.0	4.06977217415e-05	0.0	9.79252096212e-05	3.94439974125e-05	6.10649731314e-05	0.0085054459976	0.00814899426088	8.47924704286e-06	7.15051841258e-06	0.0	0.000762084482508	0.000442528226979	0.0	0.0	0.0	0.0
k__Bacteria;p__Proteobacteria;c__Alphaproteobacteria;o__Sphingomonadales;Other;Other	3.86046727096e-05	0.0	0.0	6.38683800424e-06	0.0	0.000391514806378	0.0	8.09424646245e-05	0.0	0.0	0.0	1.13122171946e-05	0.0	0.0	0.0	0.0	0.0	0.0	8.13954434831e-06	0.0	1.22406512026e-05	0.0	0.00140449438202	0.0016867340164	0.00303671922884	0.00254377411286	7.15051841258e-06	0.0	0.0411041757391	0.0474137386049	0.0	0.00408163265306	0.0	0.0
k__Bacteria;p__Proteobacteria;c__Alphaproteobacteria;o__Sphingomonadales;f__Sphingomonadaceae;g__	0.0	0.0	0.0	0.0	9.75601103316e-05	0.0	0.0	0.000242827393873	0.0	0.0	0.0	0.0	0.0	0.0	0.0	0.0	1.1878036323e-05	0.0	0.0	0.0	0.0	0.0	0.0029718286924	0.000663927219222	0.00105867275868	0.00313732140586	0.0	0.0	7.25794745246e-05	0.000113792972652	0.0	0.0	0.0	0.0
k__Bacteria;p__Proteobacteria;c__Alphaproteobacteria;o__Sphingomonadales;f__Sphingomonadaceae;g__Blastomonas	0.000687163174231	1.11483963032e-05	0.000292788693609	0.00143703855095	5.32146056354e-05	0.00120123861048	9.36241924913e-05	0.00255336683861	0.000180877384513	0.00135972596292	4.94296369119e-05	9.61538461538e-05	0.000267511557335	0.000112059466223	0.00133750739021	2.08979136916e-05	0.000706743161221	0.000135020857169	0.00091162896701	4.17527817791e-05	0.00107717730583	2.36663984475e-05	0.019072626608	0.0325503777208	0.0412464478743	0.024538940942	7.15051841258e-05	0.0	0.0148787922775	0.0136045820637	0.0714285714286	0.0	0.0	0.0
k__Bacteria;p__Proteobacteria;c__Alphaproteobacteria;o__Sphingomonadales;f__Sphingomonadaceae;g__Novosphingobium	6.17674763353e-05	5.5741981516e-05	0.0	0.000127736760085	1.77382018785e-05	0.00033812642369	0.0	0.000691690152245	0.0	1.3074288105e-05	1.64765456373e-05	1.69683257919e-05	5.01584170004e-05	7.47063108156e-05	0.0	0.000320434676605	4.15731271306e-05	4.26381654219e-05	0.000553489015685	4.17527817791e-05	0.00156680335394	7.88879948249e-06	0.0212709656408	0.0266826966211	0.0324427480916	0.024335439013	0.000471934215231	0.0	0.0225359268399	0.02059652805	0.0	0.00408163265306	0.0	0.0
k__Bacteria;p__Proteobacteria;c__Alphaproteobacteria;o__Sphingomonadales;f__Sphingomonadaceae;g__Sphingomonas	0.00133572167575	5.5741981516e-05	0.000530184931669	0.0108576246072	0.000407978643205	0.0105975939636	0.000436912898293	0.00133187146337	0.000794568510539	0.000326857202625	0.00550316624285	0.000265837104072	0.00147967330151	0.00162486226024	0.000251994145982	7.66256835359e-05	0.000433548325791	0.000177659022591	0.00413488852894	4.17527817791e-05	0.00246037089173	0.000331329578265	0.00109916951637	0.0058856250785	0.00898478854405	0.000407003858057	2.86020736503e-05	0.0	0.0042338026806	0.00359080047034	0.0	0.0163265306122	0.0	0.0
k__Bacteria;p__Proteobacteria;c__Betaproteobacteria;o__Burkholderiales;f__;g__	0.000146697756296	0.000200671133457	3.95660396768e-05	0.000926091510615	7.98219084531e-05	0.000382616742597	5.2013440273e-05	0.00181016784524	9.04386922565e-05	7.84457286301e-05	8.23827281864e-05	6.22171945701e-05	0.000192273931835	6.53680219637e-05	0.000145381238067	0.000139319424611	8.90852724228e-05	5.68508872292e-05	0.000756977624393	0.000334022254233	0.00263174000857	6.311039586e-05	0.00405064321772	0.00520375388039	0.0112553630133	0.00390045363972	0.000114408294601	0.0	0.000762084482508	0.000632183181399	0.0	0.0	0.0	0.0
k__Bacteria;p__Proteobacteria;c__Betaproteobacteria;o__Burkholderiales;f__Burkholderiaceae;g__Burkholderia	0.00076437251965	0.000323303492793	0.000174090574578	0.00310400327006	7.09528075139e-05	0.000729641230068	6.24161283276e-05	0.000750557399245	3.87594395385e-05	0.000614491540936	4.94296369119e-05	0.000152714932127	0.000426346544503	3.73531554078e-05	0.00113397365692	0.000118421510919	0.000154414472199	0.000127914496266	0.00617791416037	8.35055635582e-05	0.0013709529347	0.000165664789132	0.00211691906856	0.0210123992894	0.0134841477684	0.000373086869886	6.43546657133e-05	0.0	0.00580635796197	0.00539884436914	0.0	0.0	0.0	0.0
k__Bacteria;p__Proteobacteria;c__Betaproteobacteria;o__Burkholderiales;f__Burkholderiaceae;g__Salinispora	0.000146697756296	4.45935852128e-05	0.0	0.00037682344225	4.43455046962e-05	3.55922551253e-05	1.04026880546e-05	0.000875650299119	1.93797197693e-05	0.00013074288105	5.4921818791e-06	1.13122171946e-05	0.000167194723335	0.0	1.93841650755e-05	4.17958273832e-05	9.50242905843e-05	2.13190827109e-05	0.00130232709573	6.26291726686e-05	0.000110165860824	0.000134109591202	0.00875264614884	0.00922320515351	0.0070903215022	0.00577436723619	3.57525920629e-05	0.0	0.00430638215513	0.00522183307835	0.0	0.0	0.0	0.0
k__Bacteria;p__Proteobacteria;c__Betaproteobacteria;o__Burkholderiales;f__Comamonadaceae;g__	0.000154418690838	0.00027870990758	0.000237396238061	0.00291239812993	4.43455046962e-05	0.0153580580866	0.000104026880546	0.0207212709439	3.87594395385e-05	0.000117668592945	5.4921818791e-05	0.000226244343891	0.000142115514834	0.00328707767589	0.000562140787191	0.000174149280763	0.000231621708299	0.000135020857169	0.00378488812196	0.00430053652325	0.0101230185446	9.46655937899e-05	0.0566275850839	0.034972814872	0.0387947846437	0.0709289015135	0.000157311405077	0.0	0.148316156191	0.14030673528	0.0	0.0	0.0	0.102564102564
k__Bacteria;p__Proteobacteria;c__Betaproteobacteria;o__Burkholderiales;f__Comamonadaceae;g__Ramlibacter	6.94884108773e-05	2.22967926064e-05	1.58264158707e-05	0.000900544158598	2.66073028177e-05	0.000640660592255	0.0	0.0120236351997	7.7518879077e-05	9.15200167351e-05	0.000126320183219	8.48416289593e-05	2.50792085002e-05	0.0	9.69208253777e-06	0.000285604820452	0.0	8.52763308437e-05	0.000594186737426	0.000125258345337	0.00172593181957	7.88879948249e-06	0.00700211691907	0.00093308690269	0.00449935922438	0.0108958324501	5.00536288881e-05	0.0	0.00745149271786	0.00773792214032	0.0	0.0	0.0	0.0
k__Bacteria;p__Proteobacteria;c__Betaproteobacteria;o__Burkholderiales;f__Comamonadaceae;g__Rubrivivax	3.86046727096e-05	0.000100335566729	8.7045287289e-05	0.000510947040339	0.000212858422542	0.000258043849658	1.04026880546e-05	0.00892574632632	7.7518879077e-05	0.0	0.000115335819461	8.48416289593e-05	0.00045978548917	0.0	0.000251994145982	1.39319424611e-05	0.000142536435876	0.000198978105302	0.0076837298648	0.000939437590029	0.00342738233674	6.311039586e-05	0.0336875101775	0.000610095282528	0.0100852510169	0.0361300716496	7.86557025384e-05	0.0	0.0417090046935	0.0460987975876	0.0	0.0	0.0	0.025641025641
k__Bacteria;p__Proteobacteria;c__Betaproteobacteria;o__Burkholderiales;f__Oxalobacteraceae;g__	0.000779814388734	0.000345600285399	0.000522271723734	0.000855836292568	0.000363633138509	0.00261603075171	4.16107522184e-05	0.00876386139707	0.0778741739394	0.00109824020082	0.00433333150261	0.00482466063348	0.000744016518839	0.000709709952748	0.000591217034804	1.39319424611e-05	0.00106308425091	0.000198978105302	0.047836102135	0.0162835848938	0.00064875451374	0.0	0.0120297997069	0.0520016508461	0.0485178581379	0.0178403357782	7.15051841258e-06	0.0	0.00151207238593	0.00160574528075	0.0	0.00408163265306	0.0	0.0
k__Bacteria;p__Proteobacteria;c__Betaproteobacteria;o__Ellin6067;f__;g__	0.0	0.0	0.0	0.0	0.0	0.0310631406606	0.0	0.0	0.0	0.0	0.0	0.0	0.0	0.0	0.0	0.0	0.0	0.0	0.0	0.0	0.0	3.94439974125e-05	0.0	0.0	0.0	0.0	0.0	0.0	0.0	0.0	0.0	0.0	0.0	0.0
k__Bacteria;p__Proteobacteria;c__Betaproteobacteria;o__Neisseriales;f__Neisseriaceae;g__	2.31628036258e-05	1.11483963032e-05	0.0	1.27736760085e-05	0.0	1.77961275626e-05	0.0	0.000110376088124	6.45990658975e-06	0.0	4.94296369119e-05	0.0	0.0	0.0	0.0	0.0	0.0	7.10636090364e-06	0.0	0.0	1.22406512026e-05	2.36663984475e-05	0.00486484285947	0.000502431409141	0.00117011199643	0.00583372196549	0.0	0.0	0.0118909372429	0.0181057263153	0.0	0.0	0.0	0.0
k__Bacteria;p__Proteobacteria;c__Betaproteobacteria;o__Procabacteriales;f__Procabacteriaceae;g__	0.0	0.00052397462625	0.0	0.0	8.86910093924e-06	0.0	0.0	2.20752176249e-05	0.0	0.0	0.0	0.000480769230769	8.35973616673e-06	0.0	0.0	7.66256835359e-05	0.0	0.0	0.0	0.000187887518006	0.0	0.0	0.0	0.00432449891439	0.00514013484148	0.0	3.57525920629e-05	0.0	0.000314511056273	0.00018965495442	0.0	0.0	0.0	0.0
k__Bacteria;p__Proteobacteria;c__Betaproteobacteria;o__Rhodocyclales;f__Rhodocyclaceae;g__	0.0	0.0	0.0	0.0018138619932	8.86910093924e-06	0.000364820615034	0.000114429568601	8.09424646245e-05	0.0	0.0	0.0	0.0	8.35973616673e-06	9.33828885195e-06	0.0	0.0	5.93901816152e-06	2.13190827109e-05	4.06977217415e-05	0.000208763908895	8.56845584185e-05	0.0	0.010238560495	0.00364262771627	0.00518192455564	0.00884385466571	2.86020736503e-05	0.0	0.000653215270721	0.00080919447219	0.0	0.0	0.0	0.025641025641
k__Bacteria;p__Proteobacteria;c__Betaproteobacteria;o__Rhodocyclales;f__Rhodocyclaceae;g__C39	0.0	0.000512826229947	0.0	0.00164141736709	2.66073028177e-05	0.000231349658314	0.00013523494471	0.0311186984452	9.04386922565e-05	1.3074288105e-05	1.64765456373e-05	3.39366515837e-05	1.67194723335e-05	0.000354854976374	0.000135689155529	0.000195047194455	0.000148475454038	3.55318045182e-05	0.00196976973229	0.00665956869376	0.00193402289002	7.88879948249e-06	0.00126200944472	0.0156292056201	0.0239037164986	0.00192478907873	0.0	0.0	0.102699956452	0.118041243631	0.0	0.0	0.0	0.102564102564
k__Bacteria;p__Proteobacteria;c__Betaproteobacteria;o__Rhodocyclales;f__Rhodocyclaceae;g__Thauera	7.72093454192e-06	0.0	0.0	6.38683800424e-05	0.0	0.0	0.0	3.67920293748e-05	0.0	0.0	0.0	0.0	0.0	0.0	0.0	0.0	0.0	2.13190827109e-05	0.0	0.0	3.67219536079e-05	0.0	0.0813996091842	0.000807479050405	0.000863654092606	0.0720735998643	0.0	0.0	0.000338704214448	0.000429884563351	0.0	0.0	0.0	0.0
k__Bacteria;p__Proteobacteria;c__Betaproteobacteria;o__Thiobacterales;f__Thiobacteraceae;g__	7.72093454192e-06	6.68903778192e-05	0.0	3.19341900212e-05	0.0	0.000151267084282	2.08053761092e-05	8.09424646245e-05	0.0	0.0	0.0	0.0	0.0	2.80148665559e-05	0.0	6.96597123054e-06	0.0	0.0	4.88372660898e-05	0.000104381954448	0.000195850419242	0.0	0.0291687021658	0.00694431983348	0.00819078397504	0.0265315639971	0.0	0.0	0.0	2.52873272559e-05	0.0	0.0	0.0	0.0
k__Bacteria;p__Proteobacteria;c__Deltaproteobacteria;o__Myxococcales;f__Myxococcaceae;g__Anaeromyxobacter	0.0	0.0	3.16528317415e-05	5.10947040339e-05	8.86910093924e-06	1.77961275626e-05	0.0	0.000169243335124	7.7518879077e-05	1.3074288105e-05	3.84452731537e-05	0.000118778280543	5.85181531671e-05	0.0	9.69208253777e-06	6.96597123054e-06	0.0	4.97445263255e-05	0.0	0.0	0.00233796437971	0.0	0.00042745481192	0.0	0.0	0.0007716114809	7.15051841258e-06	0.0	0.00134272027871	0.00188390588057	0.0	0.0	0.0	0.0
k__Bacteria;p__Proteobacteria;c__Gammaproteobacteria;o__Enterobacteriales;f__Enterobacteriaceae;g__	0.0	0.0	0.0	0.00046623917431	0.0	0.0	0.0	0.000883008704994	3.87594395385e-05	0.00210496038491	5.4921818791e-06	5.65610859729e-06	0.0	0.0	0.0	0.0	0.0	0.0	8.13954434831e-06	0.00561574914929	0.0	0.0	0.0	0.0	2.78598094389e-05	1.69584940857e-05	0.0	0.0	0.00108869211787	0.000708045163166	0.0	0.0	0.0	0.0
k__Bacteria;p__Proteobacteria;c__Gammaproteobacteria;o__Legionellales;f__Legionellaceae;g__	0.0	0.0	0.00117906798237	0.0	0.0	0.0	0.00125872525461	7.35840587495e-05	0.000490952900821	0.00138587453913	0.000521757278514	0.000107466063348	5.85181531671e-05	0.000252133799003	0.000949824088702	0.0	0.0	0.0	0.0	0.0	0.0	7.09991953425e-05	0.0	0.000663927219222	0.000780074664289	0.0	0.0	0.0	0.0	1.2643663628e-05	0.0	0.0	0.0	0.0
k__Bacteria;p__Proteobacteria;c__Gammaproteobacteria;o__Pseudomonadales;f__Moraxellaceae;g__Acinetobacter	0.761778285644	0.67928293515	0.748003893298	0.256565669468	0.64363065516	0.594693194761	0.668778412342	0.658363932038	0.704743509409	0.692401223753	0.499217364082	0.806849547511	0.782028239189	0.6487682797	0.711098403714	0.442450628679	0.782299350271	0.318222841265	0.691877548695	0.816433894908	0.276504070017	0.430610119752	0.0202125061065	0.0283335426798	0.0373182147434	0.0192054945521	0.000264569181266	0.58041958042	0.012447379881	0.015564349926	0.571428571429	0.0	0.666666666667	0.0
k__Bacteria;p__Proteobacteria;c__Gammaproteobacteria;o__Pseudomonadales;f__Moraxellaceae;g__Enhydrobacter	0.0029107923223	0.0	7.12188714183e-05	0.000146897274098	7.09528075139e-05	0.000400412870159	0.000197651073037	0.000161884929249	0.0638884761726	0.0088643673352	0.0950696683271	0.00869343891403	0.00138771620368	0.00291354612181	0.00514649582756	0.000334366619066	0.000605779852475	0.000227403548917	0.00725233401434	0.00941525229118	0.0	0.000197219987062	4.07099820876e-05	3.58879577958e-05	0.0	4.23962352143e-05	2.86020736503e-05	0.0	1.20965790874e-05	1.2643663628e-05	0.0	0.0	0.0	0.0
k__Bacteria;p__Proteobacteria;c__Gammaproteobacteria;o__Pseudomonadales;f__Moraxellaceae;g__Perlucidibaca	1.54418690838e-05	0.0	0.0	0.0	0.0	0.0	1.04026880546e-05	0.000301694640873	0.0	2.614857621e-05	0.0	5.65610859729e-06	0.0	0.0	0.0	0.0	2.37560726461e-05	7.10636090364e-06	8.13954434831e-06	0.0	1.22406512026e-05	0.0	0.0100757205667	0.0392793698075	0.0466094611913	0.0107516852503	0.0	0.0	0.000290317898098	0.000442528226979	0.0	0.0	0.0	0.0
k__Bacteria;p__Proteobacteria;c__Gammaproteobacteria;o__Pseudomonadales;f__Pseudomonadaceae;g__Pseudomonas	0.00756651585108	0.00251953756452	0.00815851738136	0.0136869938431	4.43455046962e-05	4.44903189066e-05	2.08053761092e-05	0.0112510025828	0.00164727618039	0.0396281672463	0.00012082800134	0.00317873303167	0.0243435517175	0.0459070279962	0.0171452940093	0.000250774964299	0.00260722897291	0.000746167894883	0.0151558315765	0.0102294315359	8.56845584185e-05	0.000260330382922	0.00144520436411	0.00437833085108	0.00309243884772	0.0016619324204	2.14515552378e-05	0.0	0.00338704214448	0.00378045542476	0.0	0.0	0.0	0.025641025641
k__Bacteria;p__Proteobacteria;c__Gammaproteobacteria;o__Xanthomonadales;f__Sinobacteraceae;g__	3.08837381677e-05	0.000100335566729	3.95660396768e-05	0.000102189408068	4.43455046962e-05	0.000195757403189	0.0	7.35840587495e-05	1.29198131795e-05	5.22971524201e-05	2.19687275164e-05	1.69683257919e-05	5.01584170004e-05	0.0	8.722874284e-05	0.0	5.34511634537e-05	2.13190827109e-05	0.00014651179827	0.000187887518006	0.000257053675256	0.0	0.000325679856701	0.00387589944194	0.00312029865716	0.000695298257515	8.5806220951e-05	0.0	0.000713698166159	0.000455171890607	0.0	0.00408163265306	0.0	0.0
k__Bacteria;p__Proteobacteria;c__Gammaproteobacteria;o__Xanthomonadales;f__Xanthomonadaceae;g__	0.00306521101314	0.0111372479069	0.0503913081324	0.000613136448407	0.000195120220663	0.000124572892938	0.000457718274402	0.0115159051943	0.00244184469093	0.00194806892765	0.00164216238185	0.0401357466063	0.00178062380351	0.000205442354743	0.00692014693197	0.000202013165686	0.141948473078	0.000333998962471	0.0622186769985	0.0158034279034	0.000110165860824	0.011493980846	0.000529229767139	0.00581384916291	0.00434613027247	0.000381566116929	6.43546657133e-05	0.223776223776	0.000870953694295	0.000897700117586	0.0	0.0	0.0	0.0
k__Bacteria;p__Proteobacteria;c__Gammaproteobacteria;o__Xanthomonadales;f__Xanthomonadaceae;g__Rhodanobacter	0.0	0.0	0.0	0.0	0.0	1.77961275626e-05	0.0	5.88672469996e-05	0.0	0.0	0.0	0.0	0.0	0.0	0.0	0.0	0.0	3.55318045182e-05	2.44186330449e-05	0.0	0.000452904094498	0.0	0.0	0.000305047641264	0.00142085028138	0.0	2.14515552378e-05	0.0	0.0107296656506	0.011113780329	0.0	0.0	0.0	0.0
k__Bacteria;p__Spirochaetes;c__Spirochaetes;o__Spirochaetales;f__Spirochaetaceae;g__Treponema	0.0	0.0	0.0	0.0	0.0	1.77961275626e-05	0.0	0.0	0.0	0.0	5.4921818791e-06	0.0	0.0	0.0	0.0	0.0	0.0	0.0	0.0	0.0	0.0	0.0	0.00749063670412	0.0	4.17897141584e-05	0.00701233730445	0.0	0.0	0.0	0.0	0.0	0.0	0.0	0.0
k__Bacteria;p__Verrucomicrobia;c__Opitutae;o__Opitutales;f__Opitutaceae;g__	0.0	1.11483963032e-05	0.0	1.91605140127e-05	0.0	2.6694191344e-05	0.0	0.000117734493999	0.0	0.0	0.0	2.26244343891e-05	0.0	0.0	0.0	0.0	0.0	2.84254436146e-05	0.0	0.000104381954448	6.12032560132e-05	0.0	0.00303289366553	0.00163290207971	0.00142085028138	0.00305252893543	0.0	0.0	0.000955629747907	0.000708045163166	0.0	0.0	0.0	0.0
k__Bacteria;p__Verrucomicrobia;c__Verruco-5;o__LD1-PB3;f__;g__	4.63256072515e-05	0.0	0.0	6.38683800424e-06	7.09528075139e-05	0.0	0.0	0.000132451305749	3.22995329488e-05	0.0	2.19687275164e-05	1.13122171946e-05	6.68778893338e-05	3.73531554078e-05	0.0	1.39319424611e-05	2.37560726461e-05	0.000220297188013	0.0	0.0	0.000428422792093	1.5777598965e-05	0.00352141345058	0.000986918839383	0.000780074664289	0.00400220460423	3.57525920629e-05	0.0	0.000749987903421	0.00142873398996	0.0	0.0	0.0	0.0
k__Bacteria;p__Verrucomicrobia;c__Verrucomicrobiae;o__Verrucomicrobiales;f__Verrucomicrobiaceae;g__	0.0	0.000189522737154	3.16528317415e-05	3.83210280254e-05	8.86910093924e-06	1.77961275626e-05	0.0	0.000691690152245	0.0	0.0	5.4921818791e-06	0.0	0.0	0.0	0.0	4.17958273832e-05	0.0	0.000326892601568	0.000113953620876	0.0	0.000697717118551	1.5777598965e-05	2.03549910438e-05	0.00615478476197	0.00944447539979	0.000152626446772	0.000128709331427	0.0	0.002213673973	0.00173218191703	0.0	0.0	0.0	0.025641025641
k__Bacteria;p__Verrucomicrobia;c__Verrucomicrobiae;o__Verrucomicrobiales;f__Verrucomicrobiaceae;g__Prosthecobacter	0.0	0.0	0.0	3.83210280254e-05	0.0	3.55922551253e-05	0.0	0.000375278699623	0.0	0.0	0.0	0.0	4.17986808336e-05	0.0	0.0	0.0	0.0	0.0	8.13954434831e-06	0.0	0.000844604932982	0.0	0.00486484285947	0.00802095856735	0.00941661559035	0.00496883876712	0.0	0.0	0.00291527556007	0.00313562857974	0.0	0.0	0.0	0.0
k__Bacteria;p__Verrucomicrobia;c__[Methylacidiphilae];o__Methylacidiphilales;f__;g__	0.000131255887213	0.0	0.0	1.91605140127e-05	0.0	0.0	0.0	3.67920293748e-05	0.0	0.0	0.0	0.000152714932127	0.0	0.0	2.90762476133e-05	6.96597123054e-06	0.0	0.0	0.0	0.0	4.89626048106e-05	0.0	0.000651359713402	0.00947442085808	0.00721569064468	0.0002374189172	2.86020736503e-05	0.0	0.000967726326995	0.000531033872375	0.0	0.0	0.0	0.0
k__Bacteria;p__Verrucomicrobia;c__[Pedosphaerae];o__[Pedosphaerales];f__;g__	7.72093454192e-06	0.0	0.0	0.0	0.0	0.0	0.0	0.0	6.45990658975e-06	0.0	0.0	0.0	0.0	0.0	0.0	0.0	0.0	0.0	0.0	0.0	0.0	0.0	0.00417277316398	0.00107663873387	0.000585055998217	0.000627464281172	0.0	0.0	0.00266124739924	0.0022126411349	0.0	0.0	0.0	0.0
k__Bacteria;p__Verrucomicrobia;c__[Pedosphaerae];o__[Pedosphaerales];f__Ellin515;g__	1.54418690838e-05	0.0	0.0	1.91605140127e-05	0.0	2.6694191344e-05	0.0	0.0	0.0	1.3074288105e-05	0.0	5.65610859729e-06	8.35973616673e-06	0.0	9.69208253777e-06	0.0	0.0	1.42127218073e-05	0.0	0.0	2.44813024053e-05	0.0	0.0175256472887	0.00794918265176	0.00331531732323	0.00431593674482	7.15051841258e-06	0.0	0.0024072192384	0.00230114678029	0.0	0.0	0.0	0.0
k__Bacteria;p__Verrucomicrobia;c__[Pedosphaerae];o__[Pedosphaerales];f__auto67_4W;g__	0.000664000370605	0.00024526471867	7.91320793536e-05	0.000817515264543	0.000771611781714	0.00104107346241	0.000145637632764	0.00278147742073	0.000109818412026	0.000483748659885	0.000142796728856	0.000888009049774	0.000902851506006	1.86765777039e-05	0.000629985364955	0.000438856187524	0.00019598759933	0.000987784165607	0.000773256713089	0.000835055635582	0.00450455964257	7.09991953425e-05	0.0742753623188	0.137684150083	0.0899871844877	0.0448043413745	0.000514837325706	0.0	0.0759665166691	0.0799585287833	0.0	0.0897959183673	0.0	0.179487179487
k__Bacteria;p__Verrucomicrobia;c__[Spartobacteria];o__[Chthoniobacterales];f__[Chthoniobacteraceae];g__	3.86046727096e-05	0.0	1.58264158707e-05	6.38683800424e-05	0.0	0.0	0.0	2.94336234998e-05	0.0	0.0	1.09843637582e-05	1.13122171946e-05	0.0	1.86765777039e-05	0.0	2.78638849222e-05	2.37560726461e-05	2.13190827109e-05	1.62790886966e-05	0.0	0.000122406512026	7.88879948249e-06	0.00134342940889	0.00514992194369	0.0051540647462	0.00227243820749	2.86020736503e-05	0.0	0.0023104466057	0.00342643284318	0.0	0.0	0.0	0.0
k__Bacteria;p__Verrucomicrobia;c__[Spartobacteria];o__[Chthoniobacterales];f__[Chthoniobacteraceae];g__Candidatus Xiphinematobacter	3.08837381677e-05	0.171607264295	1.58264158707e-05	0.000159670950106	0.000337025835691	4.44903189066e-05	3.12080641638e-05	0.00362769409635	2.5839626359e-05	0.000300708626415	5.4921818791e-05	0.0168042986425	0.000250792085002	0.00157817081598	0.00114366573946	0.000724461007976	5.34511634537e-05	3.55318045182e-05	7.32558991348e-05	0.014926619486	0.00189730093641	3.155519793e-05	0.00470200293112	0.0302894363796	0.030088594194	0.00696146182219	0.0	0.0	0.0122538346156	0.0133517087911	0.0	0.10612244898	0.0	0.025641025641
k__Bacteria;p__Verrucomicrobia;c__[Spartobacteria];o__[Chthoniobacterales];f__[Chthoniobacteraceae];g__Chthoniobacter	7.72093454192e-06	1.11483963032e-05	0.0	0.000274634034182	0.000124167413149	0.0	0.0	7.35840587495e-06	1.29198131795e-05	0.0	5.4921818791e-06	0.000135746606335	0.0	0.0	0.0	3.48298561527e-05	0.0	0.0	0.0	0.0	2.44813024053e-05	0.0	0.00103810454323	0.00206355757326	0.000724355045411	0.000695298257515	7.15051841258e-06	0.0	0.00228625344753	0.00150459597173	0.0	0.0	0.0	0.0
k__Bacteria;p__Verrucomicrobia;c__[Spartobacteria];o__[Chthoniobacterales];f__[Chthoniobacteraceae];g__heteroC45_4W	0.000478697941599	2.22967926064e-05	1.58264158707e-05	0.000351276090233	1.77382018785e-05	8.89806378132e-06	4.16107522184e-05	0.00102281841662	1.29198131795e-05	6.53714405251e-05	2.74609093955e-05	0.000328054298643	0.00104496702084	2.80148665559e-05	0.0	4.87617986138e-05	0.000166292508522	0.000184765383495	0.000545349471337	0.000125258345337	0.00179937572679	7.09991953425e-05	0.0200089561961	0.0172979956576	0.0134841477684	0.0178742527664	0.000178762960315	0.0	0.00470556926501	0.00557585565994	0.0	0.0122448979592	0.0	0.0